14580950
14581123
14581481
14581487
14583344
14583450
14583453
14583739
14584782
14584942
14584948
14585166
14585280
14585835
14586139
14586600
14587026
14587496
14588118
14592490
14592549
14592702
14593080
14593085
14594995
14594997
14595031
14595654
14596484
14596599
14596662
14596673
14596699
14597418
14598591
14600248
14600275
14602717
14604448
14604974
14605212
14605254
14607457
14607573
14607783
14607932
14608007
14608015
14608078
14608456
14609352
14610053
14610196
14610216
14610637
14611111
14612213
14612527
14612920
14613270
14613314
14613319
14613550
14613584
14614330
14614913
14615289
14615872
14616337
14616353
14617145
14617685
14617694
14618072
14619570
14619588
14619954
14622133
14622968
14623241
14623771
14623894
14626653
14627336
14627349
14628003
14629008
14629470
14631229
14631501
14632301
14632594
14633536
14633667
14633707
14633740
14634039
14634213
14634277
14635083
14635176
14635187
14636419
14636651
14637022
14637133
14638394
14638499
14638870
14639950
14640553
14640578
14640894
14640928
14642426
14642974
14643355
14643763
14643839
14643890
14644397
14644446
14644624
14644830
14645112
14645137
14645153
14645423
14646100
14646172
14646257
14646537
14647063
14647453
14647959
14648194
14651650
14652636
14653953
14654105
14654373
14654525
14654896
14656370
14656380
14657210
14657335
14657870
14658934
14659797
14659903
14659970
14659972
14660028
14660039
14660568
14660587
14660597
14660613
14660657
14661078
14662005
14662021
14662656
14662724
14662730
14663020
14663936
14664717
14666144
14666661
14666732
14667212
14667234
14667437
14668029
14668946
14670641
14670645
14671431
14672537
14672731
14672940
14674677
14674888
14675103
14675139
14675762
14676106
14676196
14676216
14678021
14678390
14678567
14679136
14679157
14679225
14679304
14680444
14680547
14680578
14680616
14680842
14684309
14684331
14684332
14684870
14686475
14686878
14686960
14687437
14687742
14687870
14687977
14688104
14688239
14688365
14689449
14691055
14691574
14692707
14693162
14693173
14693542
14694444
14695155
14695198
14695204
14697765
14698206
14698304
14699102
14699394
14700480
14700733
14701675
14701797
14701864
14703434
14704009
14704128
14704463
14705237
14706561
14707047
14708857
14709161
14709324
14709325
14709802
14709944
14711372
14712238
14713367
14713572
14714311
14714554
14715828
14716203
14716205
14716684
14717706
14717786
14717924
14718249
14718298
14718599
14718611
14719072
14719092
14720051
14720519
14720586
14722097
14722212
14722252
14722253
14722255
14722259
14722321
14722330
14722361
14723618
14723717
14724775
14725487
14725972
14726380
14726387
14726523
14728043
14728084
14728705
14728934
14729151
14729630
14729643
14730107
14730417
14732717
14732742
14733708
14733945
14734046
14734632
14734714
14736076
14736843
14737100
14737113
14739605
14739809
14740534
14741172
14741265
14741437
14741615
14742634
14742690
14743973
14744466
14744476
14744596
14744615
14744619
14744791
14744887
14744938
14744944
14745431
14746574
14746834
14746879
14747469
14747532
14747609
14747613
14747617
14747693
14748653
14749129
14749549
14749695
14750165
14750934
14751426
14751427
14751502
14752016
14752060
14753499
14753710
14753754
14753849
14754422
14755680
14756546
14756555
14757140
14757145
14757700
14757703
14758478
14759633
14759764
14760130
14761195
14761679
14761877
14762204
14763909
14764597
14764603
14764656
14765133
14765195
14766200
14766795
14767264
14767524
14767525
14767553
14769034
14769832
14769835
14871277
14871472
14871502
14871882
14871885
14871998
14872496
14872505
14927798
14960314
14960322
14960573
14960660
14962109
14962140
14962944
14963695
14965322
14965331
14966137
14966352
14966787
14967460
14967461
14967915
14967965
14968366
14971638
14971907
14972719
14973057
14973075
14973190
14973233
14974815
14975747
14976203
14976230
14976318
14976396
14977850
14977862
14977870
14978157
14978196
14978258
14978513
14978639
14978790
14980523
14980979
14981335
14982926
14982965
14984733
14985457
14985459
14985830
14986132
14987319
14987467
14987799
14987823
14987999
14988008
14988219
14988414
14989786
14990305
14990409
14991152
14992338
14993096
14993240
14993281
14993472
14995997
14996743
14997352
14998329
14998332
15000837
15001403
15001679
15001837
15002740
15003363
15004512
15005015
15005645
15006373
15006386
15007532
15007534
15008519
15009201
15009644
15010265
15011952
15012627
15013161
15013435
15013935
15014036
15014037
15015581
15015934
15016184
15016471
15017198
15017615
15018596
15019164
15020199
15020266
15021963
15022342
15022409
15023108
15023434
15023454
15023456
15023854
15024008
15025631
15025739
15025795
15026062
15026119
15026345
15026471
15026875
15027861
15028073
15028244
15028737
15028820
15030294
15030579
15032643
15032669
15033391
15033458
15033655
15034867
15035793
15035987
15037111
15037517
15037633
15037867
15039140
15039297
15039300
15040456
15041592
15041713
15041740
15041742
15043592
15044042
15044076
15044179
15044616
15044619
15044733
15045033
15046527
15046718
15047700
15047721
15048644
15048719
15049387
15049511
15050280
15050748
15050794
15051477
15051528
15052332
15053234
15053922
15055993
15056011
15056048
15056115
15056276
15056483
15056663
15056732
15056880
15056946
15057551
15058382
15059034
15059137
15059845
15059893
15059916
15060759
15061683
15062559
15063480
15063754
15064713
15064724
15066664
15067352
15068318
15068404
15068862
15069081
15069170
15069724
15069761
15069780
15070163
15070923
15070972
15071347
15072843
15072849
15075199
15075247
15075397
15076747
15077313
15077695
15078100
15078959
15081025
15081599
15081875
15082027
15082029
15082032
15083319
15083746
15084136
15084273
15084582
15084585
15084595
15084783
15084924
15086241
15086536
15086558
15087381
15087625
15090070
15090517
15090542
15093539
15093549
15093694
15093820
15093822
15094323
15094841
15095008
15095308
15096229
15098086
15098168
15098224
15099582
15100173
15100703
15101793
15102095
15102482
15102535
15102853
15102873
15102890
15102927
15102928
15102940
15102946
15103051
15103227
15103612
15104113
15105221
15105445
15106733
15107457
15107471
15107597
15107822
15108178
15109613
15110780
15110837
15110846
15110853
15111016
15111247
15111248
15111492
15112051
15113605
15113825
15114505
15114521
15115283
15115383
15115385
15115391
15117876
15118073
15118125
15118520
15119959
15120421
15120604
15121098
15121485
15121646
15121658
15122318
15122319
15122333
15122758
15123288
15124690
15125690
15125867
15125924
15126084
15126366
15126418
15127200
15128272
15128279
15128284
15128471
15128769
15128880
15130088
15130309
15130775
15131590
15132128
15133083
15133856
15134221
15134538
15134813
15135088
15135306
15135665
15135911
15136379
15136793
15137031
15137068
15138278
15138475
15138589
15138629
15139756
15139763
15139789
15140065
15140199
15140279
15140630
15140637
15140889
15140914
15141022
15141213
15141365
15144893
15146030
15146165
15146439
15147973
15148255
15148258
15148588
15149168
15149652
15149680
15149704
15149847
15149862
15150124
15150256
15150308
15150696
15151902
15152097
15153516
15153520
15153523
15155757
15155761
15155769
15155841
15157745
15158075
15158089
15161015
15161018
15161039
15161930
15161985
15163201
15163595
15163697
15163798
15163842
15164360
15166525
15168744
15169637
15169781
15169831
15170064
15170677
15173008
15175324
15176049
15176086
15177307
15177455
15177499
15178355
15178373
15178894
15179449
15180525
15180561
15180942
15181382
15181823
15182201
15183516
15184188
15184278
15184675
15184865
15184978
15185063
15187149
15188362
15189034
15189743
15189772
15190109
15190216
15191400
15192023
15193230
15193995
15194002
15194011
15194145
15194436
15194504
15194650
15194691
15195125
15196976
15196993
15197110
15198222
15198480
15199094
15199290
15199473
15199474
15200343
15200494
15201427
15202783
15203120
15203277
15204055
15205346
15205701
15205854
15206110
15206509
15206578
15206929
15207250
15207658
15208027
15208274
15208697
15209538
15209791
15210061
15210574
15210579
15210802
15210823
15210974
15212418
15213127
15213292
15213293
15213359
15213841
15214937
15217834
15217953
15217956
15218101
15218314
15219283
15219414
15219816
15221424
15221960
15222581
15222754
15223360
15223827
15224175
15225307
15225672
15225679
15225763
15225803
15228172
15229055
15229138
15229223
15230627
15231488
15231724
15231866
15232725
15234970
15235087
15235103
15235154
15235327
15235328
15236194
15236580
15236790
15236843
15237094
15238419
15240345
15240758
15240875
15240882
15241688
15242314
15242723
15242787
15242819
15242988
15243281
15245423
15251194
15251464
15252033
15253106
15253881
15254985
15255284
15255290
15255812
15255949
15255990
15256420
15256422
15256466
15256472
15256478
15257633
15258186
15258254
15258586
15258906
15259023
15260132
15261118
15261275
15261283
15261304
15261462
15262975
15264018
15265501
15265636
15265686
15265919
15265943
15266014
15266556
15267242
15268682
15269138
15269287
15269313
15269827
15271854
15271884
15272045
15272053
15272206
15273086
15273870
15275834
15276068
15276085
15276617
15276688
15277241
15277270
15277296
15277569
15279069
15280391
15280447
15281431
15282370
15283690
15283765
15285788
15285840
15286066
15286086
15286093
15286207
15286700
15287089
15287725
15287733
15289325
15289335
15289348
15289477
15289798
15289999
15290869
15291009
15291969
15292070
15292274
15292328
15292402
15292653
15292715
15293871
15293980
15293992
15293993
15294043
15294323
15294453
15294456
15297186
15297400
15297404
15297437
15298951
15299009
15299286
15299807
15300361
15300809
15302228
15302683
15302866
15303308
15304367
15304385
15304547
15305892
15306201
15306222
15306243
15306409
15306801
15307186
15307907
15308557
15308762
15309450
15309715
15310753
15310767
15311065
15311727
15312648
15313134
15313180
15313408
15313431
15313917
15314234
15315164
15315341
15315972
15316030
15316093
15316139
15316508
15316838
15316935
15317404
15317469
15319350
15319449
15319780
15320693
15320857
15321730
15322419
15322733
15322845
15324309
15324350
15324351
15324484
15324530
15324695
15324892
15324906
15325564
15325804
15325927
15327748
15328066
15328177
15328477
15329413
15330152
15330204
15331551
15331605
15331675
15331768
15331887
15331910
15333678
15333679
15336276
15336699
15337692
15337698
15337760
15337792
15337834
15338676
15339248
15340076
15341478
15341479
15341484
15341508
15341513
15342387
15342617
15345329
15345469
15345593
15345738
15345752
15345777
15347474
15347780
15348270
15350128
15350188
15351234
15351283
15351386
15351734
15351779
15351792
15351799
15351849
15352500
15353299
15353401
15353486
15353498
15353592
15354273
15354418
15355982
15356026
15356157
15356216
15356218
15356428
15356552
15357957
15358193
15358223
15358618
15358979
15361919
15364113
15364449
15365090
15365094
15365619
15365998
15366004
15367040
15367576
15367674
15369444
15369780
15371556
15371592
15371729
15374848
15374878
15374944
15374980
15377641
15378559
15378668
15378690
15379735
15379894
15379997
15380096
15380221
15380228
15380350
15381054
15381060
15381063
15381240
15381280
15381832
15382049
15382615
15383372
15383533
15383605
15383624
15383630
15383632
15385570
15386353
15386385
15386421
15387799
15388258
15388451
15388676
15388917
15389232
15389563
15390121
15446040
15446556
15446566
15447848
15448014
15448171
15448205
15449940
15450938
15450949
15451219
15451306
15451776
15452109
15452190
15452202
15452358
15452359
15453913
15454078
15454206
15454210
15454239
15454884
15456083
15456246
15456329
15456537
15456539
15456933
15457133
15457442
15458527
15458770
15458776
15458921
15459018
15459188
15464068
15464233
15464832
15465011
15465035
15465654
15465924
15465925
15466201
15466206
15466450
15469386
15469417
15469457
15471565
15471859
15474066
15474500
15474503
15474507
15475000
15475658
15476392
15476667
15476669
15476670
15476754
15477717
15478125
15479032
15481318
15481334
15481543
15481993
15482906
15482908
15482930
15483017
15483189
15484814
15485656
15485790
15485793
15485827
15485876
15486188
15486189
15487700
15488477
15488735
15489221
15489439
15489888
15491423
15491978
15492266
15492285
15492770
15493951
15494035
15494073
15494133
15494209
15494415
15494522
15494548
15494689
15495988
15496478
15498512
15498586
15498666
15498814
15498818
15498850
15498923
15500294
15500910
15500920
15500952
15501480
15503291
15503311
15503649
15503822
15504312
15504737
15504856
15505074
15505202
15506601
15507223
15507440
15508261
15509185
15509713
15509719
15511236
15511691
15514006
15514058
15514084
15514211
15515015
15516323
15516981
15517875
15517879
15519494
15522238
15522831
15522832
15522931
15522999
15523494
15523652
15525540
15525639
15525794
15526004
15526107
15526167
15526956
15527548
15527761
15527793
15528268
15528272
15528977
15530428
15531579
15531725
15532708
15533043
15534092
15534104
15535430
15536229
15536457
15537337
15537338
15537351
15537887
15538739
15539552
15539556
15539607
15541376
15541902
15542721
15542782
15543343
15544504
15544507
15544592
15544788
15545218
15545975
15546717
15546741
15547682
15548540
15548677
15548764
15548813
15549272
15550676
15550678
15553105
15554359
15554784
15554912
15555568
15555631
15555642
15556151
15556152
15557128
15557593
15557793
15559761
15560119
15560738
15560785
15561287
15561708
15561838
15561959
15561973
15562060
15562200
15562257
15562618
15563241
15563242
15563254
15563582
15563928
15564772
15564877
15565432
15567297
15567452
15567770
15567937
15569250
15569307
15569667
15571283
15571295
15571461
15572277
15572278
15573147
15573406
15573751
15574747
15574755
15574844
15575422
15576481
15576628
15576665
15576828
15577056
15577230
15577244
15578913
15579019
15579115
15579329
15579516
15579540
15580309
15580557
15581051
15581847
15582575
15582917
15583399
15583844
15585109
15585195
15587394
15588138
15588718
15589524
15589527
15590626
15590641
15590895
15590984
15590985
15590986
15591634
15592325
15595341
15595630
15595939
15596258
15597110
15597397
15598146
15598423
15598784
15598972
15602501
15602503
15603192
15603954
15603956
15603962
15606144
15606443
15606893
15607732
15608073
15608078
15608085
15608394
15608437
15608444
15609326
15610529
15610860
15610924
15611077
15611080
15611247
15611953
15612980
15613028
15613279
15613449
15613460
15613543
15613743
15613746
15614187
15615815
15615851
15615864
15616011
15616150
15616821
15617852
15618457
15618715
15619341
15620572
15621150
15623572
15623830
15625110
15625332
15626738
15627430
15627433
15627436
15627653
15628665
15629104
15629128
15629255
15632007
15632148
15632153
15632250
15632314
15634795
15634924
15635044
15635449
15635635
15637567
15637741
15638326
15638953
15639001
15639300
15639473
15639474
15639685
15640330
15640776
15641688
15641988
15642337
15642745
15643508
15644045
15644438
15644956
15645012
15646028
15646365
15646817
15647288
15647370
15647391
15647998
15649489
15649866
15650049
15650315
15651176
15651920
15652497
15652659
15652703
15653554
15653770
15654950
15655509
15655510
15655513
15655528
15655531
15655555
15655942
15657181
15657353
15657364
15657435
15657568
15657875
15657900
15658851
15658864
15658865
15658870
15659034
15659049
15659304
15659493
15659508
15659539
15659614
15660527
15661579
15661631
15661745
15661821
15661881
15662030
15662042
15662223
15663927
15664409
15664454
15664838
15665425
15665624
15665864
15665994
15667901
15667998
15668000
15668227
15668483
15668713
15668944
15670151
15670581
15670751
15671091
15671155
15671223
15671306
15672122
15672541
15672752
15672869
15673388
15673597
15674127
15674236
15674352
15675440
15675949
15677346
15677347
15677699
15677768
15678110
15678117
15678257
15679624
15679830
15680154
15680260
15680268
15680473
15680478
15681398
15681532
15681819
15683617
15683719
15684478
15684503
15684812
15685199
15685214
15685243
15685250
15685445
15685537
15686268
15686439
15686475
15686894
15686906
15686911
15686931
15686941
15686947
15687328
15687494
15688612
15689356
15689414
15689518
15690072
15691217
15691299
15691880
15692146
15694263
15694390
15694653
15694871
15695064
15695070
15695169
15695296
15695431
15696082
15696196
15696205
15696333
15697329
15698514
15698529
15698863
15699157
15699298
15699354
15700717
15700751
15700891
15701205
15703272
15704129
15704203
15705170
15705738
15705795
15705806
15705858
15707569
15707698
15708846
15709110
15709181
15709193
15710205
15710354
15710360
15710393
15710413
15710490
15710947
15711930
15713377
15713396
15713802
15713908
15713990
15714438
15714982
15715457
15715459
15715661
15716633
15716710
15717208
15717213
15717844
15718366
15720245
15720808
15722357
15723094
15723099
15723541
15723633
15724976
15726024
15727913
15728202
15728379
15728539
15728714
15728811
15728856
15729086
15730717
15732037
15732868
15733542
15733976
15734742
15735036
15735703
15736054
15736408
15736857
15736931
15737014
15737409
15738284
15738541
15740177
15740718
15740719
15740724
15741050
15743040
15743177
15743202
15743404
15743931
15744080
15745088
15745703
15746049
15746052
15746054
15746185
15746584
15747404
15748157
15748550
15748894
15749336
15750629
15750833
15752583
15752769
15753084
15753098
15753205
15753388
15753395
15753404
15753537
15753997
15754088
15754123
15754327
15754350
15755483
15755557
15755648
15755852
15755875
15755903
15755909
15756931
15757394
15757911
15758010
15758172
15758569
15760338
15760670
15761110
15761769
15762036
15762869
15763593
15763604
15764038
15764607
15764732
15764739
15765104
15765150
15765260
15765516
15765929
15766270
15766398
15767244
15767545
15767980
15768879
15770365
15770640
15770649
15771232
15771415
15771424
15771431
15771438
15771452
15771457
15771458
15772097
15772293
15773551
15775080
15776120
15777106
15777622
15777635
15778128
15778703
15779864
15780189
15780758
15781101
15781216
15781415
15781526
15781755
15781964
15782115
15782132
15783240
15784876
15787205
15788780
15789559
15790433
15790598
15790731
15790782
15790786
15791207
15791597
15792348
15792677
15792781
15793220
15793288
15794712
15794735
15794944
15795105
15795320
15795321
15795909
15796179
15797245
15798021
15798219
15799023
15799618
15800186
15800420
15801334
15801831
15801853
15802532
15803271
15803362
15804598
15805193
15805252
15805288
15805545
15806115
15806595
15807986
15808509
15808807
15809432
15809706
15809721
15811957
15811959
15813899
15813915
15813920
15814090
15814154
15814281
15814851
15816504
15816787
15816864
15817468
15817834
15820752
15820918
15821444
15821840
15821958
15822182
15823093
15823094
15823505
15823563
15824083
15824087
15824190
15824260
15824860
15827295
15827549
15827573
15828873
15828941
15829059
15829966
15831440
15831443
15831817
15831902
15832750
15833037
15833141
15833859
15833899
15835479
15837210
15837316
15837326
15837705
15837718
15837750
15837819
15837926
15839205
15840024
15840036
15840392
15840408
15840771
15840827
15840835
15842807
15843493
15843826
15843890
15845548
15845694
15845768
15845868
15846122
15849723
15849738
15850105
15850448
15850602
15850715
15852036
15852621
15853634
15853689
15853764
15853967
15854045
15854289
15854556
15855323
15855637
15856023
15856297
15857113
15857120
15857137
15857384
15857404
15858066
15860200
15860259
15860570
15860753
15862515
15863312
15864114
15864123
15864245
15864591
15865234
15865438
15865850
15866114
15866288
15866500
15866883
15867945
15868121
15868528
15868915
15869323
15869562
15869877
15869997
15870071
15870086
15870285
15870392
15870881
15870950
15871445
15872116
15875206
15875663
15876424
15876529
15877309
15877619
15878185
15878275
15878362
15878511
15878691
15878845
15878925
15878982
15878996
15879087
15879096
15879679
15880143
15880385
15880981
15882122
15882308
15882479
15883285
15884662
15885361
15885496
15885761
15886209
15886414
15887108
15887238
15887956
15887968
15888508
15890091
15891886
15892618
15892657
15892662
15893120
15893416
15893691
15893764
15894066
15894081
15894352
15894672
15894801
15894928
15895680
15895687
15896333
15896973
15897247
15897572
15897589
15897781
15897880
15897904
15898717
15899831
15899836
15899868
15899874
15900287
15900510
15900709
15901136
15901353
15901726
15901795
15902472
15902693
15902734
15905177
15905359
15905551
15905580
15906762
15907148
15907153
15908512
15908664
15909120
15909415
15910402
15910890
15911090
15911866
15913566
15914004
15914319
15914533
15914559
15916724
15917433
15917509
15917650
15917856
15919216
15919372
15919850
15920698
15921304
15922596
15922741
15923512
15924676
15925284
15926215
15926871
15928018
15928020
15928087
15928335
15928609
15929804
15929991
15930183
15930265
15930297
15930355
15930455
15930458
15930499
15931068
15931360
15931605
15932346
15932636
15933213
15934456
15934496
15935280
15935345
15936620
15936818
15936988
15937057
15937104
15937215
15937332
15937427
15937544
15939051
15939448
15939622
15939924
15940259
15941869
15942128
15942272
15942707
15943176
15943180
15943478
15944002
15944006
15944007
15944009
15944208
15944795
15944802
15944809
15944869
15946216
15946589
15946947
15947036
15947112
15947259
15947888
15949269
15949566
15950014
15950488
15950969
15951260
15951631
15951830
15953344
15953363
15953421
15953572
15954144
15954948
15955412
15955565
15955613
15956019
15956124
15956246
15956251
15956965
15957544
15961104
15961673
15963001
15963006
15963471
15963949
15964185
15964235
15964939
15965500
15965967
15966013
15967069
15967102
15967801
15967876
15969931
15970709
15971000
15972446
15972662
15972674
15972682
15973626
15974571
15974574
15974585
15974593
15974642
15975002
15975507
15976038
15976447
15977398
15978008
15978615
15979034
15980060
15980237
15980332
15980878
15982786
15982875
15982930
15985427
15985434
15985706
15986196
15986240
15987237
15987694
15988617
15989517
15989954
15990316
15990700
15991489
15991886
15991937
15992090
15992510
15992586
15992934
15993108
15993560
15993594
15993751
15993821
15994025
15994148
15994348
15994349
15994939
15994946
15995325
15995351
15998575
15998769
15998951
15999103
16000590
16001273
16001656
16002093
16002289
16002459
16002533
16002781
16004967
16006204
16006884
16007231
16009352
16010412
16010590
16011304
16011460
16011575
16011614
16011858
16012181
16013440
16014023
16014032
16014042
16014111
16014807
16015387
16015501
16018973
16019620
16019763
16020477
16020631
16020661
16020667
16022567
16024631
16024643
16025254
16025565
16026835
16027086
16027120
16027121
16029632
16030019
16030053
16030090
16030212
16032412
16032484
16033271
16033281
16033816
16033954
16034410
16034487
16034956
16035398
16035648
16036347
16036356
16037106
16037950
16038601
16038707
16038799
16039053
16039848
16039985
16040180
16040814
16041196
16041371
16041392
16041398
16041694
16041863
16043385
16043486
16043489
16043828
16044252
16044358
16045524
16045972
16046122
16046206
16046538
16046615
16048908
16051191
16051523
16051677
16051882
16051960
16052352
16052578
16052979
16053391
16054134
16055512
16056233
16059747
16060857
16061385
16061792
16061828
16075246
16075920
16076272
16076355
16078135
16078592
16078850
16079159
16079279
16079297
16079468
16079485
16080359
16080534
16080974
16081063
16081124
16081156
16081269
16081674
16081679
16081687
16082424
16083326
16083542
16083877
16084059
16084894
16085184
16085334
16086874
16087693
16087880
16091048
16091072
16091484
16091736
16091755
16093448
16094504
16095636
16096275
16096370
16097363
16097949
16098458
16099206
16099238
16099300
16099839
16099840
16099855
16100942
16101130
16101140
16102054
16103371
16103732
16103765
16104024
16107516
16107837
16108046
16108819
16109140
16109390
16109421
16109552
16109776
16110503
16111654
16112420
16112835
16113095
16113783
16114100
16114492
16114872
16114980
16115929
16115949
16116091
16116226
16116337
16116344
16116638
16118363
16119498
16119512
16121195
16122767
16122880
16123131
16123159
16123320
16123775
16125299
16125526
16125722
16126007
16126010
16126914
16126915
16127053
16127150
16127437
16128575
16128742
16128989
16129046
16129413
16129921
16129978
16130180
16130182
16130441
16131755
16131920
16132064
16132722
16133532
16133581
16135657
16135699
16137704
16137882
16138883
16138927
16138928
16139169
16139248
16139439
16139565
16139809
16139893
16140280
16140886
16140920
16141369
16141569
16141635
16141680
16142049
16142388
16142410
16142732
16142895
16143141
16143535
16144296
16144798
16144831
16144943
16146736
16148027
16148050
16148144
16148645
16149735
16150941
16152757
16152760
16152828
16153117
16153452
16153821
16154634
16154710
16155294
16155957
16156801
16157297
16157350
16157482
16157694
16158071
16160085
16161451
16163194
16164412
16164449
16165349
16166267
16166285
16166287
16166440
16167916
16168052
16168489
16168515
16169004
16169027
16169954
16170020
16170024
16170231
16170366
16170570
16171525
16171773
16171802
16171813
16171993
16172182
16172412
16172791
16173018
16173650
16174770
16174788
16174795
16176117
16176444
16176879
16177181
16177222
16179347
16179524
16179605
16179747
16181410
16182256
16182428
16182482
16183084
16183635
16184369
16184763
16185077
16186809
16187112
16187797
16187968
16188913
16188951
16188956
16190133
16190549
16190743
16190763
16191663
16192517
16192690
16194051
16198309
16198475
16198644
16199241
16199482
16201835
16202257
16202406
16203796
16203797
16203990
16204070
16204952
16205037
16205624
16205964
16206183
16207425
16207471
16207494
16207763
16207821
16210356
16210916
16211241
16211302
16212545
16213084
16213195
16213477
16213725
16214034
16214127
16214131
16214137
16214394
16215763
16216880
16216924
16219300
16219708
16219910
16220064
16221754
16221874
16222118
16223700
16223781
16223958
16223973
16224178
16224182
16224526
16225542
16228305
16229049
16230349
16230360
16230377
16230379
16230390
16230891
16232421
16232921
16234514
16235535
16236715
16236737
16236738
16237379
16237394
16239170
16239218
16239226
16239434
16239641
16239728
16240671
16241857
16241904
16243804
16243825
16243998
16244789
16245075
16245223
16246025
16246067
16246228
16246312
16246523
16246598
16247743
16248797
16248836
16248851
16248990
16249494
16249524
16250635
16250647
16250654
16250663
16251201
16251299
16251430
16252257
16252917
16253547
16254145
16255837
16256979
16258022
16258068
16258541
16259227
16259579
16259615
16259735
16261833
16262557
16263090
16263158
16263802
16265126
16267019
16267138
16267626
16267649
16267832
16268148
16268464
16268477
16268663
16269021
16269441
16271051
16271071
16271291
16271703
16272341
16272348
16272825
16273091
16273216
16273345
16274926
16275998
16276353
16277613
16277658
16277693
16278303
16278327
16278810
16278927
16279094
16279797
16280359
16281084
16281286
16282176
16282887
16283318
16283381
16283431
16283671
16284303
16285558
16285913
16286649
16287967
16288654
16288729
16289353
16289454
16290292
16291771
16291873
16291875
16291983
16292552
16292755
16293341
16293597
16293677
16297435
16297621
16297711
16297713
16298345
16298518
16298686
16299047
16299552
16300039
16300115
16300395
16300628
16300803
16301617
16301626
16301791
16301797
16302208
16302752
16302793
16302826
16303771
16304152
16304857
16305240
16305472
16306131
16306225
16306227
16306443
16306812
16307417
16307966
16309315
16309825
16310786
16311098
16311595
16313368
16313502
16313925
16314852
16315032
16316309
16316311
16316409
16316927
16316932
16317551
16318870
16318877
16319075
16319518
16319987
16320243
16321531
16321621
16322316
16322528
16322797
16324152
16324695
16324786
16325050
16325240
16325800
16326016
16326830
16326938
16327990
16328060
16328963
16330021
16330223
16330492
16330533
16330560
16330770
16331286
16331631
16332149
16332435
16332571
16332659
16332662
16332991
16333859
16335785
16336194
16336752
16336786
16336943
16337149
16337691
16338283
16338408
16339025
16339527
16339658
16339898
16339911
16339914
16340185
16341239
16341243
16341288
16342200
16343217
16343532
16343768
16344269
16344985
16349528
16351512
16352317
16352679
16353668
16354624
16354653
16355344
16355400
16355974
16357008
16357160
16357514
16357751
16357952
16358339
16359755
16359899
16359900
16361624
16362726
16362817
16363236
16364494
16365052
16365183
16366420
16366516
16366598
16368081
16368348
16368782
16368812
16368818
16368827
16368899
16368957
16369012
16369696
16370916
16370923
16370964
16371234
16371358
16371446
16372822
16372825
16373326
16374125
16374848
16375581
16375749
16376069
16376082
16377187
16377242
16377807
16380550
16380645
16381664
16382338
16384608
16384925
16384941
16386786
16387740
16387796
16388598
16388933
16389067
16389295
16389574
16390493
16390600
16391370
16391860
16392701
16394198
16395286
16396637
16396967
16397024
16397041
16397241
16397263
16397872
16398929
16399380
16400523
16401669
16401709
16402096
16402123
16403261
16403783
16404130
16404430
16405730
16406030
16406639
16406943
16407169
16407246
16407466
16408196
16411147
16411781
16412378
16412662
16413139
16413681
16413968
16416302
16417271
16417568
16417577
16418020
16418149
16418176
16418198
16418310
16418339
16420057
16420077
16420438
16421163
16421290
16421443
16421754
16422885
16423037
16423824
16423831
16423895
16424086
16424790
16424870
16424899
16425993
16426349
16426848
16427041
16427816
16428267
16428452
16428543
16430927
16431399
16431896
16431966
16432265
16432501
16432504
16433010
16433896
16433932
16434058
16434140
16434489
16434492
16435204
16436088
16436501
16436588
16437532
16438887
16439363
16439611
16439618
16439860
16439861
16441928
16443205
16443751
16444290
16444429
16445576
16446048
16446323
16447051
16447649
16448326
16448880
16449355
16449525
16449956
16449979
16450289
16452198
16452215
16452222
16452223
16452241
16452499
16452656
16452989
16453179
16454745
16454746
16454812
16455452
16455797
16456024
16456186
16456188
16456494
16456808
16457953
16458010
16458993
16459017
16459925
16460018
16460680
16460947
16461558
16462496
16463021
16463383
16465177
16465186
16466463
16466641
16466986
16467099
16467656
16467980
16468051
16469053
16469440
16469680
16470247
16470840
16472148
16472586
16472864
16473424
16474415
16474421
16474853
16475902
16475938
16476079
16476097
16476120
16476148
16476585
16476734
16477002
16478533
16478774
16478825
16480143
16480258
16480284
16480505
16482517
16482568
16483784
16483930
16484232
16484281
16484345
16485343
16487507
16488503
16489447
16489579
16490174
16490580
16490992
16492780
16493033
16494569
16494862
16495076
16495081
16495395
16495723
16495926
16496033
16496386
16496394
16497876
16497878
16498388
16499061
16500002
16503765
16503817
16503922
16504136
16504507
16505027
16505107
16505108
16505115
16505973
16507130
16507347
16507373
16507691
16507829
16507850
16507884
16507911
16508564
16508789
16509574
16511036
16511143
16511610
16513051
16513610
16513647
16513821
16513859
16513877
16514190
16515461
16515478
16515550
16516670
16516814
16517095
16517404
16517553
16517606
16518087
16518376
16518831
16519964
16520733
16522458
16522641
16522696
16523405
16524379
16524538
16525036
16525583
16525645
16525725
16525997
16527847
16530171
16530182
16530878
16531049
16531051
16531413
16531984
16532449
16532916
16533423
16533791
16533811
16534240
16534251
16534527
16537817
16538088
16538493
16538529
16538685
16539674
16540096
16540317
16540473
16542139
16542442
16543407
16543675
16544142
16545081
16545350
16545381
16545798
16546975
16546990
16547010
16547350
16547651
16547811
16549824
16550004
16550006
16551906
16552142
16553574
16553647
16554356
16554486
16554743
16555001
16555127
16556440
16556763
16563096
16563128
16563290
16563374
16563560
16563752
16564016
16565078
16565162
16566595
16567526
16567542
16568203
16569767
16569934
16570099
16570163
16570355
16570509
16570913
16570914
16571968
16572115
16572858
16573350
16573647
16574052
16574083
16574446
16575559
16579965
16580199
16580580
16580639
16580848
16580895
16581066
16581181
16583981
16584347
16585058
16585387
16585758
16595024
16595340
16595573
16596189
16596213
16596248
16597193
16597468
16597533
16597615
16597617
16597625
16597647
16598763
16598927
16599255
16600115
16600468
16600630
16601104
16601569
16601673
16603143
16603772
16604090
16604093
16604139
16608072
16608080
16608922
16609013
16609021
16609060
16609067
16610779
16611310
16611376
16612258
16612556
16613325
16613526
16614397
16614955
16616109
16616440
16616490
16617153
16617195
16617454
16618098
16618126
16618717
16619291
16619521
16620295
16620308
16620997
16621347
16622728
16624552
16624629
16625817
16625841
16625842
16627002
16627252
16627399
16627483
16627864
16629860
16629948
16630177
16631464
16632891
16633143
16633980
16634035
16634800
16634840
16634986
16635211
16636202
16636268
16636450
16636791
16638185
16638192
16638875
16639024
16640339
16640900
16641261
16641841
16642288
16642666
16642960
16643338
16643884
16643899
16644034
16644726
16644904
16645450
16646082
16647110
16647263
16647299
16648250
16648561
16648571
16648572
16648577
16648669
16650582
16650607
16650830
16650886
16650987
16651401
16651424
16651433
16651435
16651634
16651698
16651710
16651744
16661928
16666560
16667107
16669850
16670286
16670522
16671893
16673373
16674097
16674925
16675639
16675658
16675661
16677080
16677856
16677982
16678156
16678199
16678544
16678551
16679384
16679386
16679816
16679868
16680577
16681386
16682315
16682505
16682803
16682836
16682937
16682955
16684279
16685374
16685460
16685601
16686541
16686685
16687497
16689679
16689938
16690332
16696579
16696817
16697013
16697190
16697227
16697656
16697980
16698686
16698791
16699084
16699498
16700548
16701707
16702031
16702183
16702197
16702217
16702329
16702624
16702880
16702987
16703566
16703907
16704197
16704974
16706406
16707021
16707089
16707229
16707409
16707458
16707468
16707477
16707595
16707605
16707764
16708051
16709188
16709929
16710023
16711005
16712461
16712799
16712979
16713232
16713428
16713429
16713439
16713495
16713658
16714133
16715250
16715497
16716308
16716398
16716514
16716627
16717106
16718509
16719540
16719808
16719820
16720041
16720364
16720725
16720727
16720831
16720907
16721371
16721761
16722247
16722623
16722630
16722652
16722815
16723495
16723497
16723527
16724112
16725115
16729224
16729278
16729906
16730121
16730237
16730699
16731599
16731747
16733521
16733561
16735460
16735511
16736512
16738207
16738805
16740313
16740561
16740618
16740621
16740637
16741044
16741060
16741232
16741250
16741367
16741658
16741870
16749788
16749865
16749867
16750172
16750178
16750372
16751185
16751287
16751417
16751798
16751810
16752184
16753005
16753178
16753266
16754199
16754668
16754777
16754836
16756968
16757355
16757535
16759099
16759520
16759640
16759641
16759981
16760463
16760478
16761500
16762150
16763553
16763894
16763899
16763908
16765071
16765145
16765324
16766117
16766716
16766717
16767085
16767304
16767920
16769115
16769768
16770736
16771730
16772434
16772709
16773205
16773239
16773376
16773504
16774921
16775509
16777263
16777416
16777975
16778008
16778834
16778961
16780678
16780800
16781199
16781459
16782282
16782354
16782438
16782587
16783450
16784786
16785155
16785495
16787144
16787387
16787583
16787706
16788091
16788729
16788833
16789730
16789740
16789888
16789889
16790022
16790237
16790533
16790752
16793004
16793069
16796407
16797496
16797499
16797728
16797997
16799639
16799812
16800923
16801455
16803890
16805961
16806299
16806306
16806905
16807348
16807358
16807401
16807441
16808357
16808554
16809136
16809153
16809898
16809928
16810505
16813422
16814387
16814740
16814817
16815057
16815146
16815309
16815313
16815316
16815627
16815871
16816921
16817236
16817851
16817895
16818276
16818479
16818496
16818651
16818686
16818707
16818711
16818766
16819260
16819395
16820585
16820635
16821801
16821840
16822624
16823043
16823721
16824050
16824605
16825484
16825493
16827904
16828156
16828882
16829128
16829188
16829625
16829709
16829954
16831062
16831195
16831471
16831596
16831872
16834612
16835302
16835395
16835450
16836960
16837197
16837769
16837774
16839763
16839786
16840798
16840830
16841073
16842172
16842213
16842392
16843091
16843095
16843263
16843692
16844083
16845255
16845326
16845529
16845659
16846239
16846475
16846501
16846546
16846549
16847284
16847326
16847354
16847442
16849418
16849427
16849519
16849574
16849631
16850272
16851960
16854049
16854051
16854056
16854407
16854580
16854582
16855072
16855093
16855178
16855207
16855451
16857666
16857744
16857825
16857832
16857985
16858612
16859676
16860312
16860536
16860785
16860831
16861092
16861112
16861802
16861819
16864089
16864492
16864903
16865249
16865565
16866189
16866778
16867246
16868036
16868220
16868651
16869117
16869821
16870138
16870179
16870432
16870454
16871118
16871233
16871999
16873536
16874097
16874462
16875703
16875718
16876108
16876126
16876190
16876401
16876704
16876889
16877383
16877408
16878701
16879221
16879709
16879714
16880233
16880407
16880527
16880530
16880719
16880785
16882589
16883020
16883066
16884174
16884688
16885432
16885537
16886056
16886928
16887935
16888182
16888811
16889755
16889963
16890350
16890384
16890580
16890795
16891009
16891422
16891588
16892359
16892372
16892554
16892782
16893460
16893530
16893531
16894349
16894399
16895478
16895552
16895953
16896803
16897040
16897043
16897483
16898010
16898590
16898618
16898871
16899062
16899109
16899342
16899369
16899523
16899990
16900775
16901402
16901636
16902423
16902599
16902803
16902942
16902987
16903870
16904641
16904708
16905159
16905201
16905533
16905546
16906017
16906040
16908318
16908931
16909121
16909339
16912135
16912157
16912224
16914135
16914140
16914544
16916800
16916952
16917013
16917142
16917171
16917206
16918261
16918396
16919625
16920841
16921219
16921272
16921342
16921492
16924469
16925334
16925508
16925884
16925992
16926049
16926152
16926278
16926279
16926281
16926630
16928192
16928297
16928449
16928897
16929463
16929515
16930224
16930409
16930559
16930633
16931649
16931985
16931986
16932286
16932686
16934253
16934832
16935211
16935593
16936229
16936706
16936720
16938288
16939423
16939630
16939894
16939905
16940241
16940412
16940754
16942026
16942602
16943364
16943575
16943576
16944783
16944963
16945924
16945925
16946442
16946489
16949074
16949212
16949586
16949927
16950207
16950556
16950617
16950620
16950638
16950763
16950787
16950796
16950805
16951152
16951239
16951478
16952163
16952838
16953191
16953616
16953647
16953837
16954335
16954344
16954519
16954558
16955236
16955753
16955786
16956313
16956345
16956592
16956595
16956879
16956981
16957773
16959136
16959356
16959378
16959833
16959943
16959954
16960050
16960151
16960982
16961165
16961277
16961761
16962092
16962597
16962673
16962724
16963451
16963623
16963794
16963802
16964309
16964330
16965663
16965731
16965760
16966319
16966469
16966610
16966686
16968820
16969094
16969782
16970400
16970975
16971132
16971151
16971318
16971495
16971809
16972995
16973644
16973691
16973729
16973761
16973920
16975733
16978033
16978399
16978644
16979119
16979358
16979621
16979664
16980198
16980404
16981227
16981708
16981842
16981845
16981987
16982285
16982289
16982323
16982409
16982590
16982702
16982732
16982809
16983095
16983322
16983399
16983536
16984382
16985038
16985068
16985877
16985933
16986000
16986050
16986858
16987374
16988497
16988945
16989291
16989989
16989999
16990006
16990136
16990263
16990386
16990489
16990797
16990961
16995309
16996193
16996734
16996954
16997128
16997449
16997859
16997906
17000106
17000136
17000556
17000714
17000861
17000933
17001291
17001303
17001306
17001699
17002315
17002377
17002488
17002490
17003103
17003348
17004727
17005224
17006080
17006762
17006844
17007374
17008020
17008113
17008586
17008880
17010375
17010609
17010674
17011224
17011599
17012370
17012403
17013601
17013807
17013809
17014079
17015232
17015277
17015445
17015480
17015627
17015640
17015645
17015702
17015817
17016423
17016424
17016498
17016511
17016621
17016661
17016711
17017892
17017961
17017963
17017964
17017983
17018259
17018806
17018843
17019083
17019711
17020418
17020465
17020493
17020532
17020995
17021352
17023173
17023504
17023533
17023534
17023582
17024475
17024689
17024970
17024972
17025265
17026451
17026485
17026984
17027148
17027167
17027171
17028812
17029404
17029634
17030227
17031284
17031385
17031400
17031544
17031644
17032564
17032644
17032653
17032922
17033106
17034586
17034761
17035141
17035524
17036164
17037745
17038146
17038304
17038422
17038430
17038445
17038507
17039381
17040106
17041008
17041089
17041099
17041888
17042691
17042743
17043656
17044036
17044574
17044640
17045702
17045724
17046465
17046555
17046572
17046701
17047074
17047150
17049020
17049116
17049229
17049513
17049961
17050778
17050798
17051749
17052361
17052662
17052849
17052999
17053162
17053736
17053903
17055820
17056009
17056093
17056793
17057417
17059765
17059813
17059863
17059881
17061960
17061983
17062558
17062674
17062688
17062721
17063156
17063547
17063711
17064066
17064075
17064201
17064924
17065054
17065059
17065073
17065601
17067298
17067304
17067803
17067834
17068060
17068109
17068119
17068198
17068342
17068778
17069795
17069932
17070143
17071199
17071728
17071817
17072583
17072757
17073521
17073688
17074039
17074317
17074976
17075268
17076623
17076658
17076770
17077153
17077229
17077963
17078027
17078596
17079475
17079862
17079868
17080607
17081103
17081426
17081560
17082011
17082235
17082603
17082621
17083033
17083048
17083486
17084082
17084172
17085664
17085856
17086345
17086931
17087737
17087936
17087956
17088032
17088060
17088426
17088553
17088867
17089011
17090056
17090651
17090705
17092593
17092607
17092771
17092971
17093006
17093201
17093363
17093965
17094966
17094978
17095222
17095543
17095559
17095587
17095591
17097057
17097577
17097861
17098211
17098734
17100196
17101561
17101734
17102100
17102120
17103252
17103262
17106185
17106506
17107221
17108060
17109615
17109827
17110146
17110443
17110918
17111172
17112294
17112295
17112405
17112638
17112803
17112829
17113298
17113913
17114004
17114052
17114291
17114475
17114478
17114500
17114651
17114825
17115008
17115069
17115689
17116174
17117613
17118173
17118343
17118432
17118622
17119331
17119350
17120184
17120199
17120728
17121036
17121723
17121850
17121903
17121911
17122535
17122581
17122965
17123717
17124180
17124377
17124432
17124497
17125255
17125260
17125263
17125264
17125436
17125593
17125745
17125913
17126020
17126311
17126319
17126322
17126340
17126531
17126817
17126857
17127229
17127322
17128263
17128417
17129779
17130267
17130456
17131328
17131419
17131625
17132721
17132781
17132810
17132853
17132855
17133434
17133643
17134027
17134779
17135237
17135248
17135299
17135600
17136110
17137369
17138606
17138644
17138652
17138938
17138942
17139155
17139284
17139494
17139543
17141277
17141398
17141733
17142057
17142138
17142999
17143481
17144644
17144674
17145525
17145755
17145876
17146052
17146474
17146529
17146584
17148442
17148604
17148760
17150100
17150210
17150540
17150752
17150756
17150954
17151194
17151801
17154252
17154430
17154494
17154506
17154512
17154523
17154529
17155857
17155893
17155953
17156911
17157005
17157111
17157188
17157509
17157554
17157779
17158208
17158291
17158446
17158459
17158527
17158739
17158747
17158759
17159161
17159802
17159811
17159912
17160477
17160551
17161193
17161369
17161452
17161848
17162470
17163232
17163485
17163808
17163821
17164075
17164136
17164433
17164475
17164692
17166391
17166886
17167031
17167033
17167165
17168267
17168665
17168705
17168764
17169175
17169617
17169748
17170051
17170199
17171348
17171453
17172464
17173664
17175104
17176055
17176264
17176485
17177147
17177598
17177846
17178849
17178882
17179482
17179731
17179993
17180388
17180579
17181139
17181559
17181859
17182020
17182172
17182792
17182884
17184542
17184764
17184907
17184917
17185227
17185414
17185906
17187013
17187269
17187453
17187516
17187818
17187875
17188792
17189579
17190530
17190903
17191019
17191848
17192395
17192486
17192538
17192570
17192770
17192772
17193285
17194030
17194211
17194588
17194716
17194761
17194886
17194889
17195090
17196194
17196367
17197218
17197567
17197726
17198704
17199027
17199504
17199549
17199874
17200203
17200431
17200663
17201083
17202348
17202402
17202450
17202653
17202666
17202802
17202804
17203194
17203264
17203585
17203775
17205056
17205515
17207039
17207088
17207582
17207992
17208200
17208592
17209562
17209801
17210691
17210712
17210741
17210842
17212352
17212650
17212998
17213189
17213200
17213677
17214607
17215106
17215245
17215438
17216002
17216302
17216441
17216565
17217311
17218027
17218095
17218486
17218796
17218977
17219054
17219235
17220471
17220550
17220694
17220913
17221210
17222174
17222188
17222324
17222678
17222819
17223000
17223066
17223697
17223709
17223989
17224308
17224717
17224860
17225119
17226798
17226937
17227057
17227289
17227768
17227902
17228780
17228860
17228864
17228881
17228884
17229090
17229152
17229632
17229727
17229869
17229870
17229912
17229973
17230521
17233532
17234158
17234180
17234181
17234578
17234899
17234900
17236558
17237199
17237342
17238806
17239355
17239402
17239595
17239631
17241115
17242925
17243660
17243824
17244260
17244875
17245119
17251014
17251017
17251278
17251323
17251447
17251453
17251911
17252538
17253188
17253779
17254025
17254330
17254668
17255342
17255535
17256745
17257217
17257398
17258078
17258197
17258485
17258808
17258889
17259075
17259370
17259377
17259994
17259998
17260025
17260964
17263187
17263432
17264220
17264295
17265076
17266042
17266602
17266941
17266990
17267125
17267518
17268847
17269701
17269766
17269994
17270149
17270546
17272980
17273558
17273750
17273769
17274978
17275317
17275806
17275903
17275978
17276684
17277115
17279354
17279774
17281115
17284170
17284621
17284757
17284842
17285735
17287146
17287200
17287451
17287563
17288598
17288876
17289086
17289088
17289593
17289847
17290783
17291629
17291686
17291698
17291758
17292397
17292452
17292805
17292977
17293563
17294036
17294093
17294200
17296311
17296815
17297093
17297119
17297922
17298031
17298484
17300165
17300166
17300176
17300287
17300755
17301265
17301410
17301541
17301733
17302398
17302558
17303082
17303131
17303537
17303660
17304050
17305010
17305368
17305492
17305578
17306201
17306223
17307797
17307971
17308006
17308037
17308065
17308100
17308373
17308685
17308787
17308870
17309302
17309824
17311112
17311259
17311416
17311988
17312972
17314054
17314104
17314276
17314305
17314320
17314321
17315033
17315049
17315258
17316176
17316367
17316700
17316912
17317019
17317527
17317669
17317763
17319469
17319845
17319904
17320177
17320868
17321471
17321558
17321661
17322116
17322150
17322298
17322491
17322500
17322644
17323923
17324010
17324065
17324336
17325024
17325229
17325243
17325510
17325667
17325867
17327255
17327402
17327420
17327465
17327665
17327908
17328248
17328523
17328883
17329059
17329241
17329364
17329401
17329841
17329922
17329986
17330097
17331504
17331943
17332304
17332364
17332940
17332941
17333137
17333241
17333344
17334244
17334413
17334708
17334838
17335951
17336114
17336292
17337079
17337319
17337452
17338280
17338281
17339491
17340127
17340133
17340571
17341061
17341305
17341833
17343568
17344208
17346280
17346885
17346923
17347380
17347518
17347782
17348045
17349020
17349580
17349707
17350061
17350930
17351394
17351742
17351760
17352495
17352511
17352516
17352685
17352828
17353078
17353295
17353435
17353509
17354225
17354380
17355124
17355125
17355163
17355287
17355872
17355947
17355958
17355997
17356573
17358033
17358052
17359382
17360707
17360906
17360958
17361008
17361331
17361995
17362916
17363489
17363506
17363509
17363544
17363735
17363779
17364004
17364237
17365404
17366541
17367165
17367258
17367763
17368811
17369066
17369076
17369284
17369354
17369473
17369583
17369902
17370311
17370312
17370997
17371192
17371809
17372252
17372756
17372901
17372967
17373747
17373769
17373776
17374625
17374649
17375591
17376081
17376680
17376864
17377202
17377406
17378158
17378584
17379085
17379310
17379518
17379648
17379925
17379930
17380034
17380207
17381051
17382376
17382927
17383432
17383764
17384462
17384584
17385063
17385170
17386710
17386960
17387033
17387467
17387686
17388661
17389249
17389266
17389558
17389618
17389667
17389761
17390078
17390763
17391279
17392404
17392405
17392473
17392554
17393144
17394052
17394438
17395008
17395896
17395978
17397529
17400720
17401193
17401194
17401211
17401648
17401685
17402939
17403057
17403374
17403555
17404078
17404084
17405825
17405867
17405869
17405877
17407263
17407275
17407276
17407649
17407709
17407813
17408310
17408613
17409272
17409318
17409426
17410123
17413599
17413603
17413769
17414423
17414671
17415709
17416343
17416531
17416742
17417072
17417877
17418495
17418819
17419150
17425487
17425721
17425746
17427177
17427197
17427284
17427379
17428103
17428498
17429625
17430359
17430993
17431118
17431186
17431542
17431913
17433386
17433503
17434149
17434507
17434872
17435174
17435769
17436000
17436082
17436088
17436372
17438146
17439112
17440943
17440987
17441904
17442055
17442842
17442976
17442989
17444656
17444813
17444965
17445089
17445473
17445798
17445919
17446337
17446348
17446528
17447254
17449161
17449449
17449920
17450144
17450170
17450180
17450217
17451064
17452338
17452339
17452495
17452812
17455212
17455259
17456179
17456683
17456767
17457130
17458563
17458940
17459426
17459764
17460036
17460608
17461417
17461889
17461891
17462537
17462598
17462677
17462778
17462829
17463062
17463174
17463250
17464340
17464718
17465195
17465221
17467761
17467904
17467962
17468175
17468269
17469798
17469805
17469811
17470451
17470528
17470858
17471177
17471183
17472819
17472992
17473056
17474542
17474756
17475416
17475673
17475903
17475906
17475913
17475961
17477024
17477341
17477811
17477829
17477831
17477916
17478118
17478558
17478612
17478759
17479245
17482557
17482720
17483355
17483357
17484506
17485303
17485976
17486140
17486443
17486539
17486546
17486669
17487229
17487443
17487473
17488480
17488809
17489664
17489948
17490601
17491551
17494858
17494951
17495127
17496098
17496108
17496201
17496208
17496727
17497253
17497669
17497934
17498496
17498508
17498737
17498936
17498959
17499024
17499824
17500228
17501690
17501760
17502280
17502428
17502703
17503181
17503194
17503894
17504107
17504182
17504214
17504220
17504263
17504835
17506720
17506934
17507169
17508915
17509040
17509103
17509534
17509920
17510308
17510403
17510465
17510490
17511886
17511972
17512091
17512104
17512723
17513029
17513393
17513408
17513437
17513447
17513495
17513636
17513790
17514356
17514358
17514873
17515865
17515952
17516699
17516707
17516918
17517071
17518268
17518356
17519292
17519303
17519354
17520326
17520677
17521299
17521680
17522398
17522711
17523921
17524049
17524933
17525040
17525129
17525285
17525463
17525594
17526543
17526944
17530023
17530024
17530144
17530440
17530460
17531224
17531229
17531267
17531305
17531571
17531625
17532097
17532215
17532216
17532684
17532719
17533396
17534402
17534605
17534934
17535043
17535895
17535962
17535999
17536021
17536066
17536784
17536794
17536821
17537059
17537429
17537474
17538878
17539658
17540766
17541285
17541511
17541557
17541796
17541990
17542618
17543955
17544401
17544870
17545310
17545509
17545544
17545671
17545799
17546662
17547476
17547515
17549299
17549730
17550271
17550639
17550897
17552360
17553313
17553470
17553661
17553935
17554001
17554170
17555340
17555402
17555450
17555598
17556186
17556356
17556391
17556672
17557831
17558309
17558310
17558432
17558436
17558518
17558897
17559139
17559390
17559398
17559790
17559874
17560369
17560554
17561443
17561816
17561836
17562170
17562355
17562689
17562705
17563257
17564638
17565005
17565386
17565998
17566522
17567465
17567541
17567713
17569287
17570336
17570395
17570561
17570663
17571057
17572343
17572694
17573046
17573127
17573128
17573441
17574411
17574412
17574413
17574432
17574881
17575107
17575216
17575239
17575572
17576230
17577101
17578005
17578016
17578749
17578914
17579194
17579880
17581967
17582306
17582922
17583564
17584055
17584128
17584317
17584443
17584458
17584597
17587357
17587360
17587727
17588300
17588330
17588331
17588565
17588737
17588949
17590520
17591544
17591554
17591676
17591767
17591776
17591827
17591945
17592003
17592198
17592724
17593236
17594079
17594192
17594727
17595168
17595308
17595315
17596133
17597258
17597612
17598841
17600316
17600364
17600786
17601492
17601796
17602195
17602574
17602665
17602675
17602961
17603282
17603545
17603555
17603755
17603759
17604186
17604359
17604599
17604895
17605814
17606455
17606506
17606621
17606858
17607546
17607728
17608724
17609268
17609286
17610002
17610258
17610913
17611150
17611273
17611697
17611934
17611986
17612049
17612522
17612632
17612710
17613395
17613539
17614984
17615423
17615559
17615995
17616136
17616278
17616291
17616550
17616786
17617388
17617661
17617905
17618444
17618628
17618756
17619232
17619587
17619763
17620111
17620346
17620721
17620942
17621480
17622576
17622774
17622941
17623014
17624027
17624269
17624589
17624933
17624999
17625074
17625104
17625499
17625570
17626178
17627030
17627474
17627521
17627675
17628506
17628611
17628745
17629356
17629565
17629760
17629851
17630655
17630695
17631384
17631921
17632107
17632123
17632546
17632548
17634204
17634391
17635500
17635814
17636160
17636172
17636231
17636259
17636467
17636649
17638894
17639997
17640917
17642244
17642865
17643344
17644190
17644279
17644600
17645691
17646409
17646495
17651117
17651438
17651442
17652426
17652444
17652445
17652600
17652763
17652819
17652911
17652997
17653080
17653133
17653141
17653748
17653850
17654249
17654741
17655375
17656102
17656463
17656655
17657240
17657274
17658472
17658513
17658959
17659402
17659474
17659996
17660385
17660944
17660958
17661275
17661345
17661735
17662248
17662615
17663137
17663143
17663442
17664022
17664139
17664250
17664273
17664277
17664472
17665333
17666018
17666187
17666455
17666490
17668068
17668387
17669706
17670210
17671205
17671213
17672446
17673199
17673606
17674353
17678649
17679724
17681557
17684117
17684752
17685602
17685877
17686376
17686547
17686976
17687636
17688383
17689532
17691961
17691997
17692720
17692748
17692905
17693420
17694093
17694454
17696499
17697625
17698593
17698633
17699718
17699867
17701954
17702897
17704420
17704577
17704827
17705025
17705883
17706192
17707504
17709177
17709461
17713161
17713475
17714066
17714449
17714552
17715389
17715422
17716391
17716647
17716648
17717967
17720886
17722952
17723160
17724138
17724194
17726343
17727332
17728847
17761156
17762320
17765871
17766659
17768100
17768678
17785809
17785852
17785900
17803013
17803912
17804228
17804813
17823123
17823646
17823853
17824139
17825251
17825496
17826096
17826736
17827008
17845807
17848919
17850214
17850768
17851563
17852165
17852453
17852710
17853709
17855602
17855652
17868033
17869515
17869551
17876302
17876721
17877367
17877814
17878523
17881633
17881754
17883261
17883279
17884638
17884974
17886562
17888033
17888221
17888514
17889720
17890870
17892271
17893133
17893968
17896789
17896912
17896959
17897676
17897837
17898229
17898305
17899080
17899489
17900250
17900616
17900923
17901954
17902708
17902729
17904265
17904519
17905198
17905588
17905711
17905723
17905752
17907131
17907286
17908924
17909047
17909271
17909753
17910617
17910634
17911465
17911639
17912044
17914922
17916059
17916375
17916557
17916955
17918169
17918759
17918893
17919118
17919259
17922476
17922622
17922993
17923278
17924465
17924822
17924870
17925050
17925548
17925555
17925887
17927165
17927214
17927285
17927302
17927612
17928392
17928682
17929114
17929753
17929793
17929831
17931863
17932499
17932658
17932689
17935273
17935984
17936563
17937610
17942397
17942747
17943726
17944454
17947510
17948194
17949010
17951249
17959709
17959745
17959846
17960134
17963374
17963464
17964731
17964780
17964793
17967784
17968528
17970723
17970883
17974009
17974564
17975020
17975902
17976658
17976880
17979029
17979301
17979524
17980251
17980980
17981262
17982260
17982508
17982695
17982915
17984940
17987129
17987285
17988958
17989688
17990049
17995453
17998014
17998243
17999373
17999741
18000506
18000814
18000864
18001261
18003960
18006074
18006461
18006692
18006707
18006825
18007567
18020555
18020563
18022656
18024392
18024399
18025257
18026198
18028503
18028766
18029181
18031173
18031725
18033153
18034539
18035186
18035187
18035189
18036733
18037887
18038146
18038968
18039433
18039958
18041889
18042732
18044073
18045203
18045204
18045214
18046235
18046409
18046909
18046910
18047562
18047674
18048326
18049160
18049334
18052023
18052314
18053726
18054637
18055877
18056045
18056711
18058577
18059035
18059438
18060946
18061144
18061638
18063258
18064417
18065099
18065527
18066136
18066532
18068131
18068628
18068977
18069094
18071295
18072813
18073307
18073378
18077363
18077625
18079279
18081314
18084728
18086313
18088439
18089725
18089823
18089830
18089839
18091746
18093407
18094043
18094329
18094422
18096568
18096604
18155068
18162179
18162196
18162396
18163548
18164286
18164562
18165312
18165316
18171730
18171911
18172313
18172836
18174247
18175098
18179608
18182069
18182122
18186519
18187928
18187929
18192961
18195491
18197141
18198230
18199554
18199827
18200802
18201153
18202412
18203812
18204483
18206251
18207609
18208642
18212111
18216144
18217948
18217952
18220533
18220763
18220957
18221193
18221214
18221374
18223228
18226527
18226601
18227510
18230610
18230792
18231614
18232657
18235121
18237195
18243712
18250364
18252809
18253065
18254247
18256205
18256491
18258442
18259967
18262558
18263620
18265473
18265991
18269922
18279543
18282775
18283314
18284554
18287029
18287092
18287210
18288085
18290715
18292194
18292294
18293356
18295483
18297070
18297105
18298552
18299583
18299966
18302161
18302342
18302447
18302760
18303429
18303487
18305010
18307734
18308574
18308814
18310510
18310651
18311896
18313920
18314419
18315548
18316791
18317243
18317594
18318463
18318562
18318566
18320435
18321039
18321240
18321241
18321442
18321713
18322300
18324760
18324787
18325678
18326490
18327899
18333374
18333889
18334983
18336052
18336309
18336310
18338253
18343240
18343363
18343915
18344315
18347139
18349105
18349113
18354714
18355687
18355758
18356406
18360605
18362143
18363546
18365024
18366283
18366935
18372344
18372395
18373729
18374197
18374572
18378531
18378794
18378801
18381294
18381445
18381940
18383539
18384456
18385230
18387300
18388516
18390968
18391097
18393142
18393827
18394312
18394554
18397343
18398832
18400107
18400355
18404486
18404493
18404494
18406614
18408530
18408560
18408624
18408761
18409526
18411198
18412318
18413364
18413839
18414388
18416656
18420184
18421059
18422479
18423812
18424135
18425818
18425947
18426226
18427905
18429950
18431272
18431572
18433351
18434317
18436977
18439678
18440994
18441328
18442485
18445527
18445659
18446005
18446586
18447380
18447604
18447956
18449215
18450949
18451235
18452763
18454417
18455424
18458038
18462746
18463260
18465538
18466433
18466763
18468627
18468895
18471102
18472336
18473918
18473971
18477053
18477767
18477808
18479118
18480678
18480685
18483379
18485086
18486144
18487050
18490160
18490184
18490773
18491987
18492254
18493606
18495353
18498919
18499258
18499669
18499677
18499743
18500378
18500382
18500794
18501520
18501650
18501888
18501939
18503402
18504617
18505444
18506437
18509184
18510478
18511457
18511810
18514530
18516068
18516076
18516261
18516804
18522536
18524885
18529069
18534808
18537233
18537527
18539158
18539312
18540918
18541142
18541894
18541897
18542050
18542932
18543899
18544567
18549246
18549347
18550530
18550765
18552124
18552176
18555254
18555935
18557781
18559268
18559524
18559612
18559731
18560757
18562636
18563704
18564273
18566435
18566994
18568110
18568240
18570408
18571420
18574460
18574748
18580862
18582545
18582585
18583547
18585815
18591546
18591783
18593822
18593892
18593927
18593940
18594509
18595721
18596212
18597467
18598020
18598674
18598947
18599270
18599499
18599870
18600270
18600475
18600528
18602830
18602898
18603238
18603806
18603831
18604229
18604239
18604993
18606504
18606718
18606720
18609073
18610395
18612076
18613661
18613770
18615627
18618574
18618599
18619475
18619545
18620382
18620538
18621075
18624686
18624922
18626007
18627212
18627213
18627335
18629356
18630696
18632602
18632791
18633030
18635743
18636069
18637076
18648004
18650089
18655883
18655903
18655906
18657401
18657662
18658230
18663903
18664165
18664603
18665217
18665582
18667313
18667446
18668433
18668535
18671470
18671661
18673235
18674902
18676761
18678919
18679668
18680204
18683753
18684057
18685421
18685832
18686730
18686746
18686757
18686943
18687447
18690878
18691132
18691892
18691996
18693015
18698001
18700056
18702703
18703043
18704368
18704422
18708578
18708635
18708991
18709516
18709879
18714531
18715952
18719078
18719742
18722346
18723285
18723475
18724359
18724382
18725974
18728100
18728707
18728838
18728851
18751412
18751896
18752940
18752942
18757403
18757754
18759561
18761325
18765556
18768809
18769110
18772318
18772354
18773878
18774637
18775810
18778124
18779324
18780321
18781939
18781943
18782051
18782903
18784156
18784291
18784485
18786918
18787170
18789923
18793851
18794081
18794084
18794099
18794803
18795925
18797058
18798063
18800762
18800763
18800822
18802100
18803986
18805433
18805579
18809391
18810678
18812665
18812887
18813863
18815250
18815270
18815346
18816177
18818303
18818391
18819053
18819158
18822840
18823933
18824613
18825528
18827341
18828673
18828913
18829308
18829975
18831971
18832692
18834354
18839173
18842832
18845565
18847313
18848668
18852116
18854305
18855614
18921992
18922570
18923064
18923402
18923523
18923525
18925391
18926700
18936790
18937434
18938156
18945860
18946036
18946061
18947221
18948374
18948947
18950453
18952058
18954704
18955042
18955451
18955458
18955585
18970411
18971326
18971950
18973287
18973551
18973814
18974361
18976723
18977145
18977395
18978530
18978782
18979208
18980976
18981003
18983139
18983226
18986703
18987274
18991633
18991754
18991783
18991872
18992242
18996527
18996971
18997874
19000107
19000823
19001320
19002123
19004836
19005061
19006379
19007110
19010823
19010870
19010901
19010912
19012505
19015641
19018267
19019313
19020136
19022240
19022936
19023039
19023040
19027293
19029224
19029287
19029429
19029917
19029981
19035792
19036859
19038618
19039322
19041642
19047060
19047294
19047481
19047918
19049347
19053761
19053768
19056615
19057127
19057128
19057376
19058965
19058966
19060928
19064407
19065993
19066416
19066855
19068776
19072055
19072936
19075190
19075254
19075491
19077543
19078957
19085565
19085811
19086236
19086875
19088384
19091347
19091563
19095454
19096300
19096302
19097799
19097893
19098484
19098899
19101832
19104028
19106093
19110422
19110970
19111466
19113866
19114305
19114683
19117759
19118950
19119014
19120905
19122144
19125127
19125880
19131665
19135264
19136666
19139124
19141616
19141632
19141710
19142150
19144697
19146404
19147572
19147680
19147750
19149483
19149538
19153939
19154437
19154445
19156139
19157633
19159217
19159658
19161278
19164148
19164462
19164557
19165201
19168050
19168263
19169963
19170413
19171193
19171673
19171880
19175524
19175693
19178072
19179941
19181759
19183962
19191554
19191557
19193160
19195882
19198769
19199479
19200641
19201489
19201819
19203467
19208828
19209282
19210109
19212337
19213873
19217209
19218671
19221750
19223416
19223544
19225726
19226257
19228178
19230660
19231206
19231363
19232013
19236188
19236257
19237207
19237584
19237992
19238127
19238210
19238632
19244096
19244097
19249983
19252820
19254842
19255091
19255243
19255327
19256504
19257799
19259968
19261492
19261825
19270242
19271701
19271735
19273748
19274060
19275276
19275550
19275898
19276360
19277662
19278957
19279215
19281809
19282169
19282177
19284573
19286405
19287384
19289619
19289841
19293512
19293728
19295546
19297156
19298329
19298752
19300539
19300583
19302827
19303900
19309152
19309360
19317446
19317449
19318484
19318574
19320280
19320489
19321788
19325518
19326476
19331127
19336526
19337422
19337436
19337725
19338579
19339661
19339720
19341511
19342616
19343240
19343298
19344392
19345234
19348506
19352159
19359526
19361744
19364280
19366702
19366796
19369576
19370562
19370685
19372556
19372559
19374459
19375913
19376361
19379059
19381019
19386608
19389627
19389876
19389923
19389994
19391150
19398784
19399743
19401496
19403616
19403853
19404918
19406636
19407080
19414254
19416629
19416844
19416975
19417176
19417616
19419866
19420308
19426677
19427037
19427182
19427589
19427736
19428245
19428322
19429089
19429093
19430488
19432422
19433355
19434073
19434307
19434887
19434889
19434891
19436613
19436650
19436656
19436671
19438238
19439807
19440305
19442525
19442540
19443999
19445548
19445930
19446545
19447622
19449447
19450172
19450703
19453281
19455431
19456099
19458366
19458386
19459856
19460614
19460789
19460945
19461405
19461861
19463000
19463375
19463689
19463840
19463875
19464167
19464323
19465361
19465517
19465935
19466505
19467704
19467857
19469556
19470293
19470474
19470631
19470632
19470925
19471906
19472276
19474192
19474215
19475780
19475782
19477428
19478385
19479612
19480393
19480470
19481466
19482012
19482847
19484223
19486006
19490892
19492147
19493707
19494475
19494617
19496999
19497387
19498041
19499624
19499843
19499855
19500602
19503773
19506838
19509223
19509233
19509315
19512877
19513948
19515014
19515843
19519385
19519505
19520577
19524438
19527023
19531491
19533734
19536777
19537525
19537708
19537845
19542319
19542488
19543324
19543428
19544046
19545214
19549602
19549896
19552055
19553641
19557119
19558341
19558545
19559036
19560048
19561068
19561230
19563275
19565307
19568703
19568704
19569717
19570945
19570987
19571144
19575780
19576186
19576489
19578042
19578661
19580790
19582593
19584151
19584161
19584306
19584965
19587327
19587856
19589026
19601701
19603018
19604717
19606942
19607959
19610651
19611402
19616061
19619074
19619599
19620561
19620795
19621448
19622858
19625484
19625781
19627167
19627411
19632837
19634509
19636250
19637941
19638591
19641165
19642221
19644682
19645854
19648295
19649332
19651196
19652056
19653626
19654053
19655822
19657110
19660947
19661462
19663609
19663612
19666869
19666890
19667267
19667279
19667981
19668355
19668384
19668496
19668594
19668749
19669185
19671738
19671763
19671883
19673610
19678713
19679400
19682080
19682524
19683441
19683471
19683911
19684251
19687120
19690189
19690271
19692476
19692680
19692684
19694467
19695403
19697832
19698900
19703035
19706283
19706758
19706763
19707263
19707363
19708827
19708854
19715408
19715446
19717013
19717450
19718025
19718436
19720528
19720750
19723626
19723643
19723655
19725195
19725810
19726509
19726761
19726763
19726788
19727679
19728573
19730427
19731987
19732062
19733209
19733976
19737537
19741491
19743890
19744340
19744401
19747134
19749080
19749264
19749751
19751316
19751721
19753124
19754199
19754466
19755387
19755509
19755659
19756950
19757196
19759354
19759537
19761204
19761360
19766671
19768947
19772287
19773371
19773430
19774211
19775480
19778551
19780818
19783361
19786658
19788505
19788928
19789626
19790517
19791830
19794821
19794967
19795811
19796047
19805508
19805629
19807662
19808995
19809285
19811027
19812602
19815812
19816940
19818342
19818773
19820031
19821295
19821562
19821577
19822896
19825456
19825921
19826192
19828880
19832844
19833195
19836247
19836445
19837759
19839592
19840887
19843777
19844625
19846910
19849999
19852077
19852524
19852528
19860692
19861435
19861438
19861960
19874252
19874578
19878098
19878872
19879818
19879888
19880449
19884005
19884556
19886911
19887545
19888514
19888521
19892733
19894617
19897077
19897080
19899765
19901108
19901198
19901323
19901885
19902968
19903830
19904199
19907641
19911773
19915144
19915484
19919295
19920913
19920925
19922469
19922504
19928382
19928858
19929706
19929811
19930156
19930708
19931453
19933260
19934279
19938880
19942638
19948168
19948186
19950900
19950901
19951374
19952416
19955815
19956552
19960691
19962254
19965647
19966183
19966866
19996149
19997047
19998575
20001433
20001633
20002520
20002784
20003286
20004959
20005096
20005306
20005847
20007701
20008466
20008516
20011245
20012638
20012879
20014331
20015090
20015292
20018750
20021350
20022809
20022821
20025128
20025554
20027159
20027624
20029618
20030735
20033049
20033312
20038105
20038723
20038735
20040517
20043009
20043231
20044988
20045405
20046204
20048182
20049735
20051697
20053189
20054444
20056548
20058865
20059984
20061445
20065018
20065189
20068085
20068177
20071169
20072827
20072833
20072836
20072837
20075420
20075651
20080612
20080636
20080688
20080922
20081230
20083608
20085435
20085574
20085938
20088873
20088962
20089135
20089905
20091113
20091498
20091647
20096642
20097192
20097194
20097266
20098535
20098685
20104269
20104850
20108008
20110043
20110044
20113680
20121116
20121197
20124187
20124459
20124930
20126405
20130576
20131302
20135071
20135628
20136586
20136829
20136833
20136841
20137114
20137946
20138024
20138190
20139357
20139990
20140476
20141432
20141835
20142330
20142587
20142593
20145185
20148890
20149136
20151072
20151157
20151830
20151846
20155724
20161981
20163116
20163389
20164566
20166197
20166697
20166930
20167700
20169198
20170098
20170398
20174578
20176067
20179196
20179222
20179705
20184326
20184869
20185318
20187262
20188727
20189104
20193764
20196133
20196537
20197390
20197484
20201941
20203100
20204178
20207848
20209564
20210689
20214997
20215545
20217349
20218623
20221978
20222714
20223878
20223979
20224797
20226176
20226190
20226815
20227043
20227438
20228279
20230007
20230616
20230815
20231523
20233165
20233211
20235752
20298676
20298965
20301409
20301446
20303942
20307063
20331927
20332142
20334460
20335610
20336596
20338223
20338520
20339092
20345211
20346397
20346665
20347047
20348107
20350663
20350667
20350810
20350811
20350999
20351564
20352414
20354177
20354191
20357016
20357747
20358234
20360610
20360896
20361937
20363235
20363624
20363976
20367437
20368568
20368803
20370419
20370661
20370662
20371666
20371707
20371716
20371872
20372153
20372850
20373869
20374735
20374963
20378347
20378572
20379036
20385173
20387803
20388807
20391952
20392809
20394422
20394650
20394809
20395537
20395700
20398692
20399934
20399943
20400469
20400785
20402382
20403077
20403547
20404009
20404073
20406080
20406486
20406593
20406929
20407761
20409708
20412040
20413299
20413308
20418756
20419242
20421509
20423340
20423341
20423349
20423992
20424181
20424539
20424633
20424816
20426708
20426763
20427668
20432324
20434356
20435140
20436887
20438784
20439438
20439456
20439738
20441428
20442307
20442311
20444610
20446735
20447090
20448797
20451378
20453058
20454509
20459070
20459144
20459744
20460827
20462199
20462211
20462258
20463020
20464743
20471258
20473330
20473900
20479330
20479403
20480924
20481659
20482305
20485793
20491477
20491873
20493137
20494576
20494585
20496522
20497523
20498043
20498393
20501616
20502000
20502133
20502722
20502724
20503967
20505091
20509750
20510609
20512393
20512624
20512796
20513156
20515533
20515943
20517484
20519365
20519544
20521180
20522800
20522977
20524178
20524801
20524981
20525913
20525992
20525993
20525995
20526191
20526349
20527893
20528637
20530654
20530668
20531415
20531964
20533894
20534345
20537386
20538618
20541672
20541849
20542250
20542694
20542753
20550106
20550212
20554370
20557886
20558817
20560146
20560678
20562554
20564393
20564405
20565075
20566645
20569080
20570597
20570890
20571495
20573261
20573858
20573926
20577993
20581432
20582156
20585391
20585544
20586571
20586710
20587851
20588320
20589617
20590599
20590601
20590605
20590629
20590642
20590743
20592239
20593439
20595800
20596674
20599552
20599704
20600211
20600573
20601955
20602248
20605094
20609353
20609467
20609468
20610163
20610623
20613880
20615127
20615693
20615702
20616909
20616958
20618322
20619739
20622039
20623992
20624420
20624440
20627999
20628391
20630094
20631743
20631817
20632959
20633291
20634231
20636881
20637127
20637636
20637823
20637957
20638279
20638393
20641600
20641908
20643630
20643904
20644979
20645691
20647340
20649573
20649595
20650892
20651371
20653327
20655218
20655489
20655983
20657644
20658522
20661350
20664172
20664174
20665209
20670992
20671072
20674373
20674564
20674565
20674738
20677822
20682597
20685573
20685848
20687077
20687226
20687618
20690686
20691150
20691709
20691713
20692323
20696054
20697894
20699565
20713019
20713066
20717537
20718616
20719935
20720123
20722422
20724042
20724158
20725099
20728210
20730488
20732414
20733134
20735042
20735426
20736363
20736745
20739657
20797855
20798217
20798253
20799027
20800486
20800906
20801028
20801130
20801892
20802486
20802798
20804198
20804735
20808254
20809633
20810285
20811346
20811676
20811697
20811699
20812347
20813970
20814887
20816747
20816753
20818844
20826568
20826716
20827267
20827520
20830208
20831932
20832967
20837679
20846399
20847059
20855361
20856607
20857090
20857202
20858465
20862299
20863829
20868352
20869793
20870038
20871596
20873792
20880116
20880399
20881019
20881279
20887750
20888332
20890287
20919992
20920967
20921462
20921465
20927248
20927389
20933415
20933604
20937249
20942962
20943719
20944090
20944767
20945486
20945968
20947351
20947638
20952405
20954323
20954794
20956320
20956465
20956518
20956938
20957046
20957171
20959606
20961976
20963643
20967473
20967888
20970346
20970876
20971004
20973775
20975068
20976818
20978259
20978347
20979080
20979469
20979472
20979473
20980153
21030459
21035455
21036043
21036126
21036912
21043485
21044637
21045145
21047224
21051228
21054754
21058326
21059362
21068381
21068391
21072303
21075131
21078884
21079038
21079302
21082773
21083380
21084390
21088277
21091776
21097693
21105711
21105727
21106455
21107323
21107682
21108630
21111853
21114397
21114601
21118657
21119661
21120162
21122141
21123673
21126620
21128251
21128903
21129294
21129611
21129965
21129983
21129986
21135055
21135251
21138246
21140446
21143836
21147534
21148487
21154117
21154168
21156289
21157651
21158551
21159146
21160078
21160603
21162110
21163614
21163703
21167710
21167887
21168940
21169255
21169421
21170960
21172893
21173040
21173850
21177407
21177475
21182402
21182429
21182601
21183792
21185185
21187443
21188095
21189023
21189378
21191045
21194017
21194487
21195608
21197148
21198543
21199802
21204407
21204417
21207059
21208637
21208749
21208974
21209008
21210105
21215642
21215785
21216929
21220428
21224473
21227703
21228335
21233197
21233402
21239511
21239882
21242281
21242967
21245089
21248124
21250664
21252719
21258344
21258415
21262851
21266357
21272013
21273063
21273588
21274259
21278246
21278253
21289267
21289476
21295468
21300059
21300883
21303162
21303899
21305640
21306821
21308351
21310611
21316229
21318872
21318891
21321609
21323896
21324687
21325073
21328579
21331613
21333705
21335002
21343560
21345110
21351809
21353389
21358673
21362200
21362456
21365007
21367480
21367659
21370280
21376717
21376746
21377879
21378274
21381763
21383002
21383288
21384867
21389100
21391865
21393331
21393571
21398124
21398618
21399868
21402443
21402696
21406603
21412338
21412339
21413019
21414780
21415220
21417463
21421710
21422421
21422803
21425998
21426297
21427517
21430269
21436053
21437141
21438579
21443232
21443688
21444206
21444680
21455200
21456006
21458915
21458988
21464044
21464395
21468130
21468343
21468686
21470858
21470866
21470995
21473625
21475861
21478036
21482694
21482695
21482870
21483012
21486038
21486695
21489624
21493750
21494260
21494621
21498659
21502504
21505038
21505103
21505136
21507989
21513886
21513889
21515735
21516509
21517818
21524581
21525407
21528910
21530250
21531761
21531810
21531814
21534610
21536438
21536878
21541287
21542804
21544959
21549696
21558396
21558436
21560248
21562040
21568291
21568322
21570288
21571530
21575859
21575866
21576284
21576590
21576762
21586280
21587264
21594703
21595651
21595653
21596890
21600550
21600945
21604762
21605905
21606412
21610706
21613260
21613408
21617858
21620699
21620961
21621410
21623265
21624373
21631396
21632247
21632869
21635236
21639808
21639816
21642685
21642865
21643018
21647319
21655346
21657270
21658025
21658377
21663470
21665003
21665957
21666749
21666860
21668414
21670448
21670455
21673091
21676217
21680183
21680701
21683458
21683865
21688779
21689158
21689725
21690468
21690569
21693646
21696866
21704602
21705440
21708465
21712771
21714648
21716144
21718307
21719597
21719882
21725052
21725357
21727895
21729679
21729729
21730979
21741596
21741838
21741846
21741848
21743462
21744154
21750219
21752941
21753081
21757343
21762985
21763685
21764376
21768458
21773766
21778222
21782022
21782458
21782781
21783417
21788314
21791628
21791641
21795696
21796211
21796212
21799033
21802465
21804605
21806599
21812414
21821710
21823597
21829508
21831639
21831646
21831953
21831957
21838253
21838707
21840482
21847063
21849627
21851057
21851752
21852280
21852505
21858491
21860433
21862407
21862683
21871868
21872826
21873070
21874153
21877899
21880489
21880720
21881046
21889194
21889235
21890455
21892162
21895409
21899292
21900593
21900693
21901340
21903747
21907142
21909076
21909365
21918175
21919481
21920589
21926191
21926964
21927650
21927947
21933749
21936542
21939274
21944852
21948233
21948463
21948594
21949883
21953054
21955206
21964340
21964527
21966435
21966889
21969494
21969500
21975775
21980130
21985634
21985784
21992793
21998214
21998291
22001862
22003054
22003067
22014123
22015773
22016507
22018877
22019562
22025146
22025163
22025698
22035879
22037049
22038994
22038996
22041374
22044006
22044316
22046346
22047054
22048237
22049316
22056021
22061640
22065080
22068222
22072639
22073124
22081665
22084396
22088953
22090477
22091727
22091830
22091869
22096241
22100137
22100260
22102280
22105174
22105611
22109525
22114577
22119758
22123324
22124213
22125664
22127244
22127612
22130964
22133672
22135232
22137790
22137933
22139083
22144765
22145138
22147895
22149370
22149761
22149875
22153340
22153890
22158538
22159814
22160483
22162573
22169769
22172724
22180162
22180495
22188813
22188924
22190288
22190593
22197931
22209205
22215748
22215752
22222036
22223752
22223860
22224445
22225917
22226507
22235099
22236570
22237022
22238366
22240241
22241789
22243489
22245973
22253748
22257012
22257673
22261591
22261807
22261812
22262760
22263058
22264481
22266036
22266038
22270258
22270724
22271473
22271575
22271687
22271902
22273746
22276953
22277784
22281684
22282525
22284362
22285168
22286523
22289061
22293084
22293494
22294718
22295124
22298602
22301214
22301675
22304225
22305749
22306673
22310681
22318156
22319199
22323596
22323597
22325357
22327936
22328973
22333600
22334705
22336586
22340590
22342278
22343749
22344687
22346357
22351686
22351689
22355053
22355224
22355316
22355357
22356324
22357254
22357255
22364337
22365911
22368270
22368764
22370314
22384042
22386242
22386564
22389253
22389471
22389872
22391131
22392911
22394203
22397330
22397653
22399804
22406116
22406476
22406760
22407852
22410002
22413863
22414767
22417203
22418700
22420767
22420844
22422826
22425996
22426421
22431614
22431701
22434674
22435740
22438244
22439647
22439881
22440753
22445882
22448344
22449948
22452895
22452896
22458347
22460902
22465637
22466348
22470105
22472908
22472992
22473592
22475866
22480515
22480516
22480736
22490048
22490330
22491024
22493419
22497992
22504183
22504184
22504185
22504380
22506590
22509028
22510015
22515704
22517326
22519963
22520687
22533316
22533337
22536370
22536950
22537450
22537794
22541068
22541434
22542104
22543857
22544264
22544540
22545772
22550165
22550175
22551018
22551786
22551904
22552008
22553026
22555152
22571451
22571758
22575658
22586120
22586653
22588155
22588880
22591402
22594847
22596232
22607579
22607879
22608338
22608965
22615920
22616558
22621397
22621641
22623731
22624712
22627678
22628311
22629251
22634634
22642569
22645123
22649091
22653967
22653968
22662154
22663011
22665524
22668799
22670903
22670904
22679179
22682699
22684718
22686657
22689681
22691057
22693356
22693357
22695132
22697905
22698264
22698404
22701540
22705984
22707923
22708686
22711607
22711801
22711857
22713237
22716121
22718859
22722787
22722830
22724510
22732183
22733540
22734028
22735384
22738638
22739090
22740698
22743296
22745105
22753465
22753594
22753902
22753918
22761403
22761467
22772060
22773810
22781553
22781593
22784709
22787118
22789825
22790794
22795084
22797062
22798288
22802221
22802530
22805104
22805291
22805292
22808163
22808911
22810696
22813448
22814295
22818848
22818858
22825617
22827572
22827708
22829080
22829185
22829971
22831801
22834038
22835870
22837387
22840769
22842582
22842901
22844108
22849428
22850551
22850902
22859723
22861813
22862161
22862294
22869148
22869879
22870928
22871572
22875628
22876948
22884720
22885469
22889560
22890726
22892887
22896685
22897847
22899477
22901364
22901672
22901802
22903472
22904200
22908275
22910039
22911925
22915647
22915751
22915752
22916261
22916340
22917017
22918041
22923433
22931246
22932315
22932406
22932669
22944768
22944772
22952903
22955918
22955920
22959248
22960752
22961667
22965953
22966948
22967996
22968304
22972589
22974493
22981332
22983396
22983457
22984835
22990016
22992146
22997239
22997455
22999882
23002168
23006951
23009203
23010269
23012248
23013484
23020132
23020162
23022331
23023262
23031422
23031591
23033485
23038758
23039341
23041832
23046966
23048024
23051747
23051966
23056222
23056499
23060591
23061635
23061804
23062057
23063522
23064163
23066016
23071338
23072213
23072642
23076151
23077250
23079656
23082000
23083103
23084521
23084894
23084899
23085766
23087672
23090647
23094782
23095041
23098265
23099099
23099237
23102728
23103095
23104465
23115274
23116186
23131561
23133611
23134735
23136043
23136191
23138183
23140824
23149070
23152448
23154560
23158522
23160941
23165797
23168018
23169436
23170306
23171796
23173069
23175443
23177514
23177515
23182985
23184313
23185202
23188704
23190027
23190221
23190395
23190500
23192661
23193358
23196784
23200175
23204107
23204226
23209031
23209370
23209813
23211394
23213094
23220116
23220749
23220880
23221868
23224737
23225169
23226625
23231951
23236167
23241029
23242437
23242808
23248257
23248581
23250418
23250851
23251002
23252711
23257312
23257507
23258246
23258740
23258970
23259957
23261068
23265885
23270925
23272794
23272941
23274910
23275061
23275151
23275335
23279183
23279866
23284812
23286832
23287563
23288408
23289116
23291299
23291536
23291630
23297220
23298836
23302904
23303810
23312829
23313110
23318685
23319019
23319419
23320989
23321257
23325582
23328547
23339484
23341447
23343195
23344087
23344264
23346317
23347136
23347683
23355941
23356509
23357634
23364786
23365119
23368907
23371856
23372346
23372609
23374602
23374867
23375402
23375793
23376252
23377281
23382472
23386436
23388479
23390247
23390248
23392356
23393020
23393090
23394218
23395103
23396314
23400675
23406027
23408432
23409026
23409799
23410232
23410971
23414587
23414845
23428903
23430109
23431193
23432625
23433670
23434029
23434733
23435542
23435830
23437846
23438367
23443805
23448290
23449360
23449982
23454516
23454836
23455880
23456958
23463675
23466604
23468082
23470635
23470965
23475782
23480694
23489023
23490650
23493838
23495690
23497317
23498719
23502220
23506624
23514013
23515407
23515511
23515910
23517011
23520471
23521373
23524406
23524983
23526464
23533264
23536011
23536207
23537278
23538902
23539443
23539538
23539642
23540562
23542356
23545936
23549262
23549875
23550899
23553601
23553846
23558169
23558173
23558291
23558953
23559153
23563275
23563700
23565244
23566546
23567324
23569304
23569312
23571415
23578175
23578570
23578997
23579456
23579459
23581530
23582185
23582881
23583259
23583433
23584301
23585477
23585514
23590342
23590413
23592514
23597562
23598171
23600864
23602445
23602601
23612012
23613521
23614352
23614898
23615033
23617957
23619167
23619944
23620515
23620660
23621583
23625191
23629427
23629727
23630205
23632474
23633494
23634996
23639470
23641218
23645741
23652803
23656643
23658459
23662017
23662903
23662958
23668989
23670029
23670176
23671017
23674493
23676790
23678871
23680147
23687558
23690417
23690594
23691988
23696637
23698757
23702225
23703578
23705826
23705946
23709213
23713656
23714533
23715574
23721513
23724913
23724914
23726034
23727046
23729002
23729478
23730498
23730969
23733758
23742252
23746666
23748344
23749122
23752188
23760503
23761041
23761903
23764045
23764753
23766542
23768907
23769634
23774673
23775486
23775962
23779130
23783394
23786770
23788657
23792568
23795919
23798344
23798574
23800680
23801166
23801631
23804704
23807770
23810788
23811235
23811600
23812671
23816960
23816963
23817809
23828442
23828865
23832012
23833300
23835704
23839309
23843721
23845441
23846731
23850807
23855836
23863923
23867504
23868008
23871490
23873848
23874683
23877793
23878140
23881923
23882082
23888070
23889535
23890088
23892571
23894344
23898052
23899231
23903756
23904111
23904262
23907995
23908597
23912954
23917401
23918947
23932362
23934108
23934192
23940356
23942066
23945392
23948351
23948973
23950206
23951310
23953056
23957426
23960094
23965175
23969006
23969938
23980091
23980093
23981898
23982599
23983820
23986086
23988873
23989949
23991291
23991695
24000170
24002496
24007471
24013721
24016069
24024839
24024844
24035188
24035431
24038727
24042735
24045179
24045550
24046014
24055075
24063894
24065731
24071448
24076665
24077805
24077826
24077915
24077916
24081659
24086736
24088382
24091716
24091768
24097869
24100628
24101053
24102134
24107445
24112705
24122810
24124571
24130052
24132921
24140932
24141624
24141786
24141978
24143074
24144283
24144450
24145411
24162815
24162827
24163374
24164599
24165158
24166501
24166903
24166906
24169554
24170767
24177288
24179482
24185007
24185510
24185512
24186003
24192513
24198241
24204198
24205792
24211136
24215406
24220272
24231268
24232489
24235081
24236021
24240111
24240112
24240700
24244612
24248379
24251790
24259466
24261583
24265152
24265153
24265154
24272870
24273556
24277854
24283590
24285021
24291104
24292625
24300914
24304820
24310736
24311643
24317392
24320998
24322983
24323026
24325461
24326130
24327273
24333121
24335962
24339963
24342772
24345920
24351824
24353160
24354346
24356815
24356817
24359159
24360397
24362531
24365491
24367492
24370118
24372276
24373973
24387221
24388723
24396464
24398047
24398328
24398428
24404189
24407160
24410791
24411477
24419427
24422672
24422853
24423321
24433434
24438614
24439929
24441292
24448821
24454993
24456122
24456693
24457318
24463458
24469055
24470511
24470557
24478318
24478319
24487413
24491302
24495407
24497428
24504419
24504448
24507812
24508103
24509625
24516025
24517889
24523439
24523613
24524305
24533047
24550739
24552773
24558511
24561032
24563539
24563622
24569089
24569456
24569458
24570209
24573385
24573551
24576621
24576830
24583793
24583796
24583798
24584101
24586605
24586741
24587245
24588908
24594804
24595080
24601221
24606768
24608574
24619500
24619759
24622468
24623852
24623981
24625776
24631838
24633157
24633425
24634413
24636847
24647522
24651015
24653627
24658109
24658966
24670165
24670642
24675041
24685132
24687085
24687822
24687827
24691421
24705186
24708484
24718026
24718867
24726441
24727320
24729041
24729716
24735930
24736073
24739896
24740294
24742739
24746704
24771645
24790411
24791855
24793816
24793972
24795392
24798549
24813888
24816152
24819116
24819961
24823695
24836576
24837299
24841718
24845231
24857124
24868024
24868098
24869598
24874286
24875859
24878374
24879797
24885690
24886365
24888229
24893891
24894453
24898067
24899684
24900187
24900253
24900266
24900311
24900321
24900397
24900608
24900629
24900681
24900709
24900741
24900758
24900877
24901237
24903481
24908424
24915778
24919154
24919569
24919854
24927217
24933606
24934408
24934779
24935174
24939055
24947465
24947927
24957073
24961465
24963404
24971884
24978597
24981688
24982373
24983357
24983364
24986690
24987354
24994606
24997557
24997604
25001079
25002028
25003536
25010864
25015329
25024077
25044103
25055137
25056119
25068800
25070024
25076298
25077897
25081901
25082261
25089220
25096233
25103625
25104330
25107918
25108820
25110411
25111512
25122427
25130612
25136065
25145672
25146434
25153538
25153719
25156567
25157968
25167228
25169980
25172762
25173427
25177151
25179728
25184630
25185099
25185971
25193432
25193512
25193870
25193991
25199829
25207766
25209843
25210794
25216528
25218906
25221644
25224413
25225185
25228534
25229643
25231402
25231405
25232318
25238247
25239269
25239608
25241285
25241924
25242168
25242579
25243813
25249580
25256830
25260694
25261231
25261369
25261794
25264305
25265492
25265494
25266042
25281355
25287822
25287827
25294897
25294908
25295214
25295501
25306392
25309914
25313322
25322323
25322874
25323695
25324139
25326231
25326232
25335741
25338756
25348016
25348515
25349473
25349648
25351743
25351745
25354738
25363205
25366685
25366691
25367716
25370464
25370471
25370473
25376608
25393796
25394791
25398453
25398829
25399551
25399552
25408655
25409150
25412851
25421750
25424858
25425103
25425962
25428504
25434466
25434923
25435280
25436981
25456362
25465125
25465127
25466451
25470694
25471070
25500121
25504439
25504634
25514658
25515853
25515960
25517706
25519148
25520391
25521405
25524798
25527417
25530214
25534555
25542901
25544636
25551293
25559287
25564152
25567130
25567352
25573954
25583779
25585100
25586468
25587029
25589191
25589492
25589493
25589496
25589621
25589624
25590338
25592632
25594012
25594040
25598831
25601188
25605023
25605843
25609060
25609064
25612620
25623215
25636205
25636740
25637314
25641662
25652455
25656898
25658463
25658984
25662396
25665005
25666295
25667280
25668009
25668228
25669829
25670080
25672916
25673643
25673644
25673820
25677871
25681512
25685857
25686104
25687374
25688157
25691057
25693012
25694417
25695690
25700704
25700705
25706985
25713434
25714871
25724520
25724526
25727400
25729899
25730903
25733882
25736571
25749034
25749173
25759019
25759020
25760429
25762343
25779944
25787766
25787767
25788273
25789838
25790901
25792301
25798586
25800760
25801412
25802231
25805799
25806224
25807284
25808831
25817203
25818407
25824335
25825487
25833835
25836719
25838391
25840693
25847190
25847936
25848357
25850750
25853747
25855786
25864487
25870087
25870145
25870146
25873496
25873592
25877855
25877889
25878190
25883042
25883215
25888978
25891173
25891174
25891304
25895099
25899785
25900027
25900183
25902900
25905001
25910840
25910950
25911688
25922291
25923549
25923550
25924824
25928036
25931286
25931518
25939061
25939761
25939769
25948633
25952648
25957812
25962717
25964101
25964297
25968887
25970248
25971938
25971939
25977343
25981132
25989278
25995436
26000489
26006067
26009011
26013318
26014096
26015511
26022982
26025563
26028255
26028407
26036639
26036643
26037647
26046350
26046389
26047892
26048680
26051236
26055304
26057002
26058079
26059438
26066800
26071474
26084990
26086854
26086967
26090892
26091808
26096845
26098748
26098867
26099744
26102509
26104654
26106072
26116172
26116361
26117819
26124204
26124334
26125448
26126987
26130666
26137449
26137564
26140595
26144315
26144316
26150234
26156229
26162687
26167872
26168818
26169970
26175413
26175911
26177294
26177599
26179511
26181029
26181256
26182300
26182309
26183925
26187614
26187616
26193344
26194343
26200454
26202948
26206338
26206558
26206867
26208524
26215952
26216294
26219978
26220714
26221234
26222558
26224873
26228206
26230596
26230957
26232337
26237138
26239249
26239839
26240273
26243863
26245675
26247207
26250460
26251290
26267534
26267899
26270481
26272063
26276366
26282658
26285778
26286086
26287849
26291013
26291055
26294215
26294741
26294908
26296355
26304929
26307133
26309414
26313268
26314551
26316776
26323341
26324075
26324360
26324363
26324372
26324739
26333383
26341920
26341921
26343582
26343583
26351320
26351322
26351323
26352686
26354527
26358474
26359368
26359452
26359985
26360609
26363012
26369631
26371285
26372962
26373572
26380006
26380059
26384788
26392102
26402735
26406148
26412054
26416534
26416827
26429956
26432108
26432786
26436839
26437915
26438117
26438159
26438783
26439693
26439803
26444240
26446793
26449662
26455563
26459177
26460303
26461489
26466009
26466010
26466569
26469692
26472029
26474387
26475333
26475335
26483207
26486786
26487278
26487584
26490311
26494859
26502926
26504226
26508027
26510020
26510944
26513298
26515464
26515496
26516930
26517239
26522274
26522332
26528855
26537256
26540169
26540314
26544513
26545934
26546295
26546616
26546619
26547802
26552700
26553750
26554404
26558340
26559459
26559592
26561417
26561558
26563132
26563471
26565381
26566875
26573325
26573800
26574479
26574622
26577700
26578684
26582061
26582644
26582713
26586702
26586721
26589432
26596672
26597303
26598547
26598747
26601784
26603258
26603261
26603524
26603525
26603897
26606880
26619011
26623049
26627007
26627013
26628478
26631613
26633560
26634271
26637369
26644315
26645196
26645561
26646755
26649278
26658258
26658964
26666244
26671993
26673800
26674132
26676635
26676756
26676867
26678033
26682573
26686064
26687836
26692561
26693073
26697989
26698910
26701727
26708155
26711002
26715098
26715889
26720284
26720423
26724472
26725216
26728409
26729184
26729443
26732095
26733612
26739882
26743233
26743856
26745678
26748848
26757360
26758680
26759238
26759239
26762204
26766589
26766738
26768165
26768652
26769228
26772734
26773740
26775591
26776917
26779812
26781311
26785607
26786851
26787751
26791928
26792260
26800463
26801247
26801760
26802156
26809244
26811525
26811533
26812186
26817505
26821351
26822154
26822383
26823493
26825170
26826116
26826118
26831717
26832792
26833127
26837474
26837761
26839307
26841430
26842236
26842935
26843189
26846818
26849014
26849637
26853339
26855149
26859683
26861460
26861905
26862733
26864210
26867820
26874901
26879601
26880266
26881434
26882569
26883273
26883990
26884591
26888827
26894380
26899019
26909613
26910118
26916115
26918217
26918451
26920887
26920889
26920892
26921265
26921394
26925841
26931343
26933125
26936308
26936398
26936505
26936917
26936919
26938871
26939704
26945349
26947875
26951079
26951309
26951660
26952546
26961851
26964772
26965451
26970723
26973324
26980463
26984758
26987942
26989536
26992226
27001570
27002107
27002934
27004155
27009859
27012813
27016228
27020857
27021554
27022118
27026198
27026201
27031469
27037411
27040853
27044931
27048246
27048951
27049722
27052654
27053219
27067989
27075627
27078022
27080216
27083334
27091708
27093299
27099147
27102076
27104980
27108243
27110120
27124835
27126994
27135738
27140927
27149458
27149990
27153245
27154914
27154916
27158668
27159395
27167172
27167191
27174596
27179038
27179933
27181063
27186432
27196749
27196752
27196754
27196758
27196762
27196766
27196767
27196782
27196784
27197158
27197184
27197306
27198352
27199251
27199435
27207775
27209210
27213589
27216155
27216193
27216979
27217383
27217440
27222538
27225694
27231123
27231576
27251290
27252416
27252418
27255157
27256376
27256378
27265506
27269946
27279227
27279544
27283860
27283993
27287717
27291995
27292784
27294782
27297867
27297869
27304188
27306074
27307593
27308390
27310333
27312177
27312529
27315356
27322743
27325282
27333990
27338794
27343442
27354483
27355533
27362227
27364904
27370604
27370605
27371698
27388325
27393507
27399335
27401245
27402769
27406088
27410477
27418649
27422710
27432227
27432917
27433311
27433843
27435396
27439478
27443263
27450453
27451390
27451907
27454287
27454289
27458141
27460442
27462141
27466356
27468240
27480147
27482884
27486174
27488531
27489350
27496134
27496137
27500726
27507190
27509865
27512117
27518686
27519292
27520294
27523909
27525386
27535106
27535969
27535980
27542767
27543601
27544060
27550450
27550455
27550940
27550941
27550999
27556948
27556950
27565911
27573171
27573423
27573426
27577079
27595393
27595477
27601554
27602501
27604488
27612490
27615706
27622333
27626067
27626069
27626698
27638506
27638859
27655129
27659046
27663592
27669459
27671675
27672108
27680702
27683183
27683556
27687302
27694386
27694802
27697975
27697991
27699769
27717299
27718784
27718847
27729313
27733243
27733371
27742657
27751729
27760111
27760835
27765850
27770002
27777285
27780853
27793840
27797976
27798265
27803005
27803065
27815358
27820802
27821489
27825616
27825636
27825638
27834212
27836716
27870574
27872130
27876675
27883115
27893038
27900369
27900589
27903500
27908594
27913578
27918764
27922010
27922681
27923043
27924459
27927766
27928026
27932416
27959684
27959700
27965306
27974663
27975152
27980106
27986707
27992451
27998224
27998968
28006059
28011461
28011623
28028034
28029918
28034880
28039262
28040715
28053022
28062704
28065413
28089594
28103578
28103611
28108151
28119295
28119489
28126333
28135235
28135237
28145866
28148839
28151717
28152546
28167203
28169392
28178345
28178529
28179366
28179481
28183697
28192597
28193778
28196207
28202511
28211448
28212060
28215740
28223062
28223103
28224663
28228601
28229583
28231254
28232670
28235199
28240971
28242752
28268064
28274957
28275037
28280091
28284008
28284557
28285684
28287083
28316110
28327988
28330462
28331003
28334365
28341788
28343545
28344857
28346230
28351928
28351930
28363909
28363995
28363999
28375706
28376212
28396313
28398638
28404754
28407039
28408243
28416483
28424201
28426845
28446642
28447912
28451792
28455243
28472902
28475456
28476735
28476872
28489509
28490463
28490518
28492898
28498781
28498808
28504649
28512244
28514312
28520527
28522754
28525386
28526536
28537764
28539475
28546144
28578312
28578601
28586279
28588020
28588062
28592386
28598816
28611108
28615361
28632865
28644114
28644771
28645776
28645859
28649441
28652249
28679771
28710747
28720666
28750271
28765324
28783719
28784858
28784859
28787259
28792849
28830912
28843487
28891408
238900088